178
00000000000000x000000000000xxx0000000000000000000x000000000000x000000000000x00000000000000x00xxxxxx00000000000000000x000000000000xx00xx0000000000000000000000000000000000000000000
x101001010110xx0000100xx101101011111001110xx111101011110011100xx01111011110100xxx1xx001110100x001001000001010x110x10010100110100001x11100100110001xxx010101010110xxx00011101000111
x110101000x010000x0110011111000001x011010001010x010010010100x01011001001x011100001111xx01010101101110xxx101101001010110xx1111000011111011010xx0011101100100xx11110011001101x011010
100101110x011101110100011x0011011111x100001000100001xx000001111111x010011111x1000101010100x10101101010111x01001101001x1100100011x1110101111x1x1010010xx001110110111101011001111011
10011011000x01110000011111001x1001011101111010000x011001000000100010001x0000111100101101x001010110100111010110x0001010101100001110x010000011101010111x001101111111110x011101001000
0x001000011010111011x0010010011111x001100000111010x10000011110101xxx01011100111110110011x1010110110x101101011010x111011100000001011x0101001001100xx101110x010100000111100111000111
0011100111111100011101001001110001000010011101001011001011111101100011101100110101110100111100001110001101110000101110010010010110011011010010011100110111101011001101011000011011
1101001111111110001101101011111111100000011100101011010100111001100101001111001011111010100000100101000000111000001110111100010010100000001000110111101011001101010101100101010111
1100001111111000100111101011101101010100010000000101001010100011001010101000101010101011101001000110110111010100001100101000000011010001100000011000011001110110100101101000011010
1000010111110000110101010010110110011111111011001110100000111000111100111110000011101110110000000011110010111011011001011000111101000001101011100100000110001000011000110001100011
1110101000110111000000111101010000000101000100011001110101011011111010100111010100011101110011111110000000101010000101010111111010110000001001001000111101101011100111011110000000
1111100001111010110010100001101111001111000000001100100101001110011110111010000100001000000110011011000101010110011110101110010011110101011111000011111011100001111000010001110010
1101010010110001010000000010010010000100000011000100000100000001010000110000010100010010010010010001100100100000000000000110010101000000000100100010100000000001100000010000010000
1110001101111100001100011100000011000011011000010001001111010001011101000100100001100101110001100001000000101010011011001011110100010111000110110110000110001100111011010011000111
1100111110110101011011100011001100011111010000101101001001000110110110011101000101101011101101000011101000101001110001110110000110101101100100010000000010100100110111011000100011
0011111001110111110001010011000111010101100011001000011011111100010000001111100001010101100011011011100111101111110101001111000010100101100101100101011001001110010011001001001010
0000011111110000101001000010000110011000000000110101001111011100111001110010110100001110010100101010101011000110010011001111010110100011100110110101100000011100110111110001111011
0111000000111001001100110000100001100110100101110111001100000001010000101101001111010110100111101001011001110010001000110111000001100010100110100010011101001001110001110110001101
1010100001111001001011101101011001010110001111111001011010001111010010001000100100000001000000100011001001101000011011001101010111101111110111110111000001010101101111111001101101
0010101100011011101000100101010001110010111111001001001110001011111000101101110110110100010110000011101010001101010001101110100101100100110000111110110110111111110000100111011010
1010000101100100101011010000100010010001000100101000011110101010010010101000110011111001010011000000100001110111101100101000011001110111110000101001101111101010001011111010000000
0010110111100011000010011010010110010000111100011100110001000111000000000101010001111101101101010001111000100000111110011110110000011100110001101101110111011010110100100111110000
0010110011100111101001110100100000000010111110001101111000110101000101010111111100101001100011111011110100010011110111110100101011011101110011111111000000110000000101110010011000
1011011001101101010111011101100010101010100011000101001011111101001110011000000001001011010101111100101000100011000100111011100110010100001100101110000110101000000000001000000001
0100011010101000111001110011001110110100111110011100000101101010100100100101111001100001011110010001100111100000101111111100001010000100011101000000100001010111111001111001001011
0100110111111000110110010001000011101011001100100011010001110111110000000100001100011101110100011110011110110011001100101111000111100011101010001001000000110000010001001000000000
1010000011000000100011010101111110111110001000001101001101010011110110001100011010001101011001101100101000101111110001100011110010011011001110010101011010111001010000111000001001
1101110000010110100000011101011001000001000101000010110101111001010100111010101000011001000011101111101100111100001101001100010010011101011100100001101100100000011000101111110001
0111010100111000000010101111010101100011010011001001011000100110100110110001001010111110100110110011101101101110111010111101010100010010100010110111000101010001110100110101101001
1010111111100001100010010011001100111100010101001001011111111111100000110111001101000000010100101110010101010111001000010000101101010110111111110000101111010000010001010110110000
0100010011001010110101101000011111011000111111000111010100101111110000010110001110111111010011011101011010101110010111000000010100011011110101110000010111101110000000001000000001
0110111000011000101011001001011010011000101111001001101010110000000101010001111111000011001010011001010011011011111011100111111010110110110100000011100000010101100000100010000011
1100011011110110011011111001100001100100010000011111110100101001111000101111000011100010100111001101010110101111100011001001010101101011110100001011111100001010101000000111010000
0011000110101101001010101001110001111000011100001010100101101100000011110001111101011010111010000101001111101001011101010111010101010100010010110111000110010001101011100010011001
1100000011011011101011001000100111000101011000000000110100001111000001100010001100000000001101101100110111000000100000000001000000101000000101101000011101100110001011000100000000
1001110001100000010101000010010001011110001100011110100111100111000100000001101001110101001111101111001011010100110010110101001000100111010111111011110001110000000100111010001000
0000000010000101011110110001101011110001011101001101110011100010101010100001111100010011010110111101001010000111000101110111111111000100110111110101100100101001110101110101100001
1011001110011010011010100100101101110011000100010011100000000011110110100011011111010100010000010101000010010000001100101000011011100110001101011100001001011011010101111000100001
0101011001011110110101011010000010110010100101110010101001011001110111110111101011000101100001000101101100001100101110101000101000000110101110100011010100110000000010111000100000
0001000001001010110111111000100101100110100110110010111111011011010100011001100011111111110100100011111100101111100001100100110001110110000110100001110100101000001101100101010000
0000100100100100110010001101111011011111110101101111101101110110110111000101001011101010101011000000111011011100001011111111011010111010111001001100111010000000100110001100000001
0110000101000011110000101101101011000111000101010011101100010010010011010010100110110100111011100011110011000110010010101110010101111111010110011000001111011111001011010000010101
0010000100001110111000010100110010111010001111001000111010111100110001010011110111111101011111001001110000000111001101010011011010110001100111100010011100110011100101001110001001
0011001100101100010110000101010010100100110001010010011011111001011000000110110110101101111100011010001001000010000110010101100101010101111110000011111001010000001011100000001000
1001111000000100001101101011111000111000101001000111101011111001100000001100010011000100000100101000111011011000010110011101110100111111001110000001010011001110010000001010011000
1010110011110110011100001001100111110100101100100101011110101101010100101000111101100100111101101101100010001000000111110001111110110110100100110011110101111000010011110000000000
0011000111101011000000111011100000101011100001110011011001001101000101110001111001101101100111010000111101100000000101010001111001100001001010101010001000110101110100110000110001
0101011101010001100101011011111001101011001010000111010000001100110101100001001011000101101001100010000001101100010010010100110101100011101110111011111011100100000100000111101111
0000010100000010001101011000111010001010100000101000000110010001000011101010000000101000100000010011100010100001000000010110110010110011000000001011110000000100000000000010010000
1011110010110010001110110010011000010101010100011001110100000100000100101100011011111011011111101010101011011010101101110011111010001110110110100010001110000101110101000010010011
0000111000011111100110011111011101100011010010111110101100000010100011010011101101001011000111111011001101111011001011111011100000010111110010011101000000100110101001000011100011
0110010110010010001111001011010011010100000110000000001010100011101000110000011001101011111011101010000100101001111011000100001101000100101100000010111010110101101110100000010000
0010100110101100100101110000001010001111001111110010111001100100111111011001100100000110000100001101100111000111101011101011011010101000111000100001010100001111011010100000111000
1000101110000110110000001101011001100111101111011110010011110101010001010001011111101100001111101000000110101111000110101000000010010011110010110000010011111001011011001110110000
0001100101001110110011000000111011000110100100001101010010001101110000001000110111100010101001111101111111110001100110110010010111010010000110000001000000011101000011001110101001
1010101111111010111000001001011111101111011011001110111101010111111001001110001100101000100110110010010101110110011000100001000001111110011001011101001111111010110010110100110000
0110110000111011011011111110000001110101110101001011011100101100110000101011000100101001101110111110111110010101100000100110110101001110101010101111010101000001000001011001110011
1111111000101011001010111011100111010010010101000011010100111010100101000111110000011011101110111110000101011001010110001111100011111001101111111011011111010101111000000010110101
1101111110110000011111011000110000101111100010000111101111101011000011010011100000000110110011010000101111110010010111100010110010001000000001011010001110111011011010011000000011
0000100110000100001101010011101001011111111001110011000100101100100001101010101010000001000111111011010100101000100101000100100010011110000011000111000000111100100111101100000100
0100010001111100110010110110011001111100101111001001100110001110100110110100100011111011011010101100110000011101000001111110001101011001111100010011011100101111001100101110011000
0011100101001101010001100011101101001011011101111101000001011010110100110100010010000100101110111011000110001001110000101000000110111001100000100000010110111110101000110010001101
0010101000000110110010100000011010011100011011100000001010110100110000100000101111101001101110110010010010100011100011101011101100111111101111100001100101011011011001111111100101
1011011010001111011110101101100010001000011010111100001110010100110111101111111101110100111110011001000111000111110000010011100001101100001100000001111101111111010010001110010011
0100001110110010001001100001101100001101101000101000101011101111010101101001011010011100110011011110000010101101011111001010000010001000100101100000000110010100001111000100011101
1111100000010100001010111010011011101001011001000000100101011111111110110000001010000010011011111000100110011100100110001001010101110111011111110001110010011001001000100110011100
0010011001010100100000001100010011010001010011010101001100010111001111010101110011101000010011101111111010011001001101011010001001010000100001000110001111110001001100110000000101
0010100000000111101111100111001101100010100100100110010100000100110000010110011000110101111001010000100110001101001011000111001100010000011110001101011101011000110010000101100101
1011011001110011010010011110110100001000011000011001100110001011111010001100101010100011001011001100101011100000110010110101001010011101101000100010111010011101001011001111000000
1011000101000011011011010000111011010010000011001010101100010100110011010100101110110011111010011000110101100011100010100101000000001011100101110110100011110101110011110000010100
1110111011000010010011100100111000111000010110110011110101110100110001100001011101110111010101110011100100110110000001000010011101010011011000100110011101101101100100111001010110
1100001010000011001001100100101100000000110101100101001001011110000111001010100000001101001100101001010111101110000001110010010011111001011010110011101101001001110110000101100000
0000110010001110100110110110100110010010001111011000110110101000101111011111010101011010111001110010011101101101101011011011000011011011100001010011100000001011000110100010100100
0110110100001010111111010001111001101101111011111110110010101101101100010000100011010011100111101000000001100100110111110010001101000000111011010110011001110101011001111100100101
0100011011011101100100100000101010000101001111110010010010000100101101011100111100010101011010001111001000100000001010001101100111011111110101001010101110111010010100010010010111
0101110100110000100011101111011001101111111010001010001111001101000001001110110111101011111101111111000000100100010011011110010101110011100000101010010100011000011011001100101101
1011010111011101000011100101100111110011000101011011001111100101010001111000101000010110000010101011111010110010110111000010000111111001100000000110101001010010110011001111100100
0111010111111011101101101101110011000111000001111000111010010010101110010100001010100110100111001100111011010011100101011010110100110011011100110100001100010110011100011111111101
1101010111010100010110010111111000010011100111001101101110110101001111000111010111001110000101100001011010010000101001100111011010110101111100100001001111110111011011110100000101
1100100111101000111100001000100010000111011011100110011010010000111110001101100000000110010101111001010010010110010111011101110001100110011100100011100111101001011001110011110101
0100100011001000110011011110100110100010100110011111000111101100110000000010111010100100011001001000101000011000011000000100100111001010011100010101101000011111010110000100100101
1111000110100100010010111011111001011011000011101100000111010011111000001110110100100001000110000101001100001111111011101100111100010110010011000111100011111100010010100101001100
1011111011110001100011000011110111101010010101010011011001100000010100111110111011011010111001011110101000010110111011010111011101110010010000001111110111000101100011001110101101
0010011010011010001101101100100000011001100010010001111110010011101001001000111110110011110000110101011101011010000111001100100011110010001100011101011010000110000000000001110001
0101001001010011110010010110011111010001000000000011100110011111101001100011011000000111101111011010101000110101101010010000111011001010001100000100011111100111000001100100101111
1100001100111110101111000001000010100010100110110011000000010001001100011110010001111000101000011010100111010000111011001101001011100010100001010101101110110011000111110001001101
1011000001010011110101101001000110110011100011011000110110100101110100010100111111111001110000010100000111110100100111000101001010110100001011011000011001100011011000011110101101
0001100110001000001111010010110000011000110001010110110010001100101100110110000001011101001001001000011011111000001000111000010110110111000011010010001110000001001011101101010100
1100001011001010101111011111001001100100101011010010101001001100110101000110110101111100101110111111000011110101110100010000111000111001110100111100111110001010011010010110101101
0111101111011001011001000000001100100011000011010100011000100000010100100100011110001000010011001101101100001100101010111010001110111001011110101010101101010110001100011111100101
1101101100001011110001101110000000101010100010100101001111110111001110100110010000011111011010010111001011111110010010000010110111010000011010101100111111001010100010011111110100
1001101101101110100100001011011010010001100001011000111011110111110000100000100110111111010110011101100001001010010111011010000110001011000001010010110010011110011111100101111101
1111111111100001100000011111000110011001110000001000111000001011100000000010010001010001101011100111010011101011111001110110101101100110111010000000001000111011100001110100100001
1011110100111100111110001000001110110100110110110100111000100011110010000001101011011101111001000101010001001100110010111110100111110000101101011000001011011101000111000100000100
0100100111010100110110010001110110101010010010100011110010010100011111010101010011010000011111011001010010111011010100101001011011100110010001000110101111110101000000000011111001
1110010101000010101101010010101101110101011001001000011000100010111000000011101110101101100101110000101010001100100111000001111100001110101000010110110101000110110101110111101110
0011110010000110010011110010101101000000011101000001010001100111101110111100100001000101001000110111111110100101101001101110111110011011111001010100011101101111001101010010000000
1100001010011011111000101011010010110101110011100000010111001001000010000000101101001100011010001110000011111111000000010111001000010011001110101111111110000110101101101100111101
1111000001101101100111101010011111101000110011000101010000001000010110000000010001001100101001100111100100001101000111110101111001001111100010000100111000010011011100111111110100
1001000110001110110100001110100000000111011000100011100101011010110001110000111010100111110011111111101110010101010001001010010111101110011001011001110100000100101001110111110100
0010000111000100101110001010101101001110110010000001001000100010011001110001100000110110110011010110011110101110001011000000100100101010110100000110010011010110101001110001000100
0111110010110101001010111100100111010000111110111001010010100110001000011111100000100010111010101011010110111100011011010011000000111011100110001101110010001001001000110000100101
1101010011111011011001101001111111111010111010011110101100000000111110001001110010111100101110111000001111011101011100100110111000111001000011101100001100100100100100011100000100
1010000101001011001100111101001001111010110000101010001110000101011111110000110110010001111110100100100001001000010000111000101011011001001100101000011010000110010000100100011101
1110011010110001001111001101001001001011111110110101110010001000011101111100100010011011000101010101011011111001001011110000110110001001100001011110111110011100100111100011101101
1101101011010111000000000101110010111110001001010010111101000000011010010111110110111100101110000011010001001101001001001001000110010111000111110010101010001000010011101110011101
0011100100110100101011100011110001000100101100011100111110111101110111000110101011110111100000110011100110011000101011000100000010001000010110110010010010010100000010111110000100
0100011101101001110010011011100011100110110101011010010110101111010001011010111111101001010001101100100011000001010010100001100110101101101100011100010110000100000000111110101101
0100011101001100000100001010000000000101001011001001011100110001100010011000000100011000101011000111100011101111001101000001011011110001001000110110101100000110110101011000110100
0010011101000111110110110010000011110001010011110100111011100000101010010100001101000111110001111101110101101101100101101110101000111100101001001101110110011010010110100110010101
0110000011111110101010010000101101010100100100111011100000000101111100010000011100000010001000110111100000011100001111011001011101001110100000001001000010111011011010101110101100
1001110001001011000100011110111000100001010111010000111001011001010001100111001110110000000001010110001110100100011111000010111000000110000110010110010110010110010011111110001100
0110110001001011110111000110011010100000011101100110101010001111100100001000011001011110101110000001001000000100110000011110000000100001111010100100100101101111000101010110110101
1001000101010101111010100010110110101110111110001011001101100000010000010000010101000011110010001010100100100000011001010110111100010010111110010100110101011110010011100100101000
1111011000101101001100110100100110011001000000100101010100100011001010010000101011100111011010001010010110011111101001100010101100110000101000101000010000100010111110100101011101
0100100010101000111000010011110101100101010000010110000101011111011011111110000101110000010101001010001001011001011001100111101010011011101101111011000000110100010110110001000100
0111011001100100001010001000110010011001011100110001100011110111111001001011011111010111000101111000110010000010101110101110101110101011101100100100011110101101001011100000101011
0010110110101010111010110110100011111100011111100011000101011110100001111101011111000011001110001010111110110100000101101100111100101001101110101110110111011000011101000000011110
0011110100100111001010100100011111010100000000100100100011100010001011101000000010011111011101100001011010010000101001000000110100100100100010001011110110110010111101100100010111
1100001010110010000001100011001111001111000010100000001001001101001000101011011110010000101100010010111111001011011011110100110110011001001101110010011101011011000010111110001011
1010110111010010111111110100011111010000111100010011100110100110111100010110011001111011011111100100100110110100011011100001110000100010010010000000101001000011101001101111001000
0001001110111101100111001111010000111000110001001001010100010100111100100111011010011001000011111101011000111010111000010011011101100111100100011110100100011001001111001111010101
0000000110000110110001101011110011111111001011110100100100011100110110010111011101100010100000101110010010011011100011000011101100001010010111110110101010100000001000101001001011
0001101110001101101101101111111011100100100100010011001100110010011001000110100001100100010001110001111101001000101001101110001100101001101100101001010111000101111110010101001110
1000110101001110010000011001101000100000101001001101111111001010100100011001100100010101100110100011001101100110000001001111111101111010000000110101011001111111001010011101111010
1010011111110001010101110111001011000010111100001101111010111111001101111111100100110011111111001011111000000010100010100110000100111000010100011110011010010111100001011111011100
0001001111010000111001001101010101011100100110011001001111000011010101001100001011000111110010100001100101101000010000101101100000101110100011010111001001100110000000101010011101
1000111101101001111000100101101001110001100011101010010101101111110101000011111011000000100001010001111011101001000100000001010110111101110111000010001001001010100000111011101011
0000111111010101101100000000001000001111101111101011100000011011101001010100011010111101011110001111110100000111101011111101010000101100000010001010010001100011100110010100101110
1110001110011011101100100101001000000010001101001101010010011111100001001000101101000110011001100000111111010100001100101100101100001111100100101001101100110110110110000010111100
1010111100110111011010010101100110001101111000010101000010111010011011110100100110101000111010000100001111001001111000111011101000010101100010000010000111110110111110100110001000
1001110000010110110000101011110101010100110101000111101001001110000010111111001011110000010100101110010011000010011010101010111001110101101001111010010111100100011110111110110010
1011101011110110101000010100010000001101011111101101111010110100100100111110011101110001011101100111101101100001100110111010000001010101101001101000011011110001001111101011110011
0110000101000001000111111010100111110010000101011111111110011000100100101011011100001001011101101110101011101010010111101001011101010001101001000010011111111001001000111010101110
0101011100000000010110101011111111000111001011011100000001101011111111011010101000111110100101111010100100101110001110110111100000101001000011001101000011111010111011001011111011
1001101011110111100011101100000001000100010000010011111110010000000111100110000111100000001010011110011100110011100010110011110001001111001100101010100111111001000000110011011000
1000000110111101111000000011011000100000010001101101011100010000100110010010110100011100101100000110011000110110111111111001011001101001010001111111001101111001110111000000001010
1001001101100001001011110101010001110000010010111111111000101101101001001000101110110110111000110111101110011011101010110101101110100000110000010001011011111110101011101110011001
0011101001101110010111110010000001100100100000101111011110100010011000100101001101110100101000111010000101001000001111110010111011000111000111110110001111110110100010111010110101
1000010001001010001101101010100011111000010010100110000111001001101100100100000010011011111000110110111001111010110010000101100110010111101001011011111001100101010111100001001000
0011001110111011111101110011010000111001101000111100101001110000101000100010010111101110001110000000001110000001010011010011011010101010100010110010101000110111011100000100011101
1010010111110001001011111011101101101100010101110101101110010000101111001110000001111101111100100100010111000100111001000110000011001100001001111011010001000010010001001100100101
1001011100100100101011010111100001010000111110011011111001001111011000011100011011001100110110011011100101100111001111001001000001101010000011110000101010110000111101101010011100
1110111000110010001110011001001000011100010111111111110011010010000010100000010000010010000010000000111010110111011100100001000101001001010010100010110110101101011001111111001100
0000001001111110101001101000111011000111110001110111100100011000000101111101011000111110010000100111010000101001101110000110000111001110001011101100110001100101101000111111110100
1110001101101101101110101110101011011101101011111101000011101001111111001010010011001111001011011100100010011011010011100011011000100000111000100110011111011110000000001011000101
0110110001101000100100011101101110010001001011110000000110101100110110101100000100101101101110010110101010000001101111000101100010101011100010010010110110110111001101000101011100
0010001110010010011100010000000101110100010101101110110000111010010010000001111111111111111110100000001011100011010000010011101000110001101000011100011000101100001001000011011101
0110101111110000111000000001100011100100011011001111111010011000100110110011011101101011111011100100110110001110000101011110101010011111001000110100100000101011101111001001110101
1011000011001001010101011101000100011000101101001000000100101001011111111000011111011000111101000000110100100001010001001010000011000101101011000011101101110101000011000110101100
0010011100111101001000001111001100101001101001101011000111110100010001001011101111001001111111110000011010001110111101001001001010011110101010100011001000110000011111100011111100
1011000110111001110011011000000001111110110011100100110000011110001110100100100101000010001011001000011110000001100011000100101001101111001110011110001100101111000010011000110101
0001010000101101100011111110000110000101111000001011011011010010010111010001111011111001011111100010111011111010000010110101001010110001101010010110111100101100011100111011111000
0001011101010101110110010010001101101111000010011011010111101100001110100101001110001000000001011111101101111000111111000111010010110001111001000100010010100011011100001111100000
0001100101010100010101100100110110100000000110000110101001001010110011101101101011010111001001101011000101101101011001110111001010110101111011011111110001000101110000111010000000
0011100011001111101000011100010110011110000000000111010001011101001111100000000100011000111010100101110110111110110000011001100100010000011110001000001010111000000101010100000011
0010000011010111110001101101001101110010010110111011101111110011100001000011011101001000011011100001110100001011011011110001010010011101011011000011111001011000000111011110111110
END
