14
00101101010000
00101011011001
01001001001100
11110111111010
11110111110001
11101001110101
10000001100000
01001001111001
11000001001100
11010011101110
01010010101000
00110001100100
00110001100100
00101100100101
10001010111110
11110110110010
00100111001000
11111010111001
10110010010100
11000001010100
11110101100010
11101010100001
10000000110000
11110111100111
11110111100110
11110111010010
11100111110111
11100011100101
11100011110010
11110011110100
11110111010010
10111110010010
10110111011111
01010001011011
10011011011100
01010111000100
11111011101101
01101011111000
10111010111000
01001001111111
00001111101110
00001110110100
10000111110110
11110011110010
10011111110101
11110111010010
10111111111101
11011010110100
11011010110100
10101111100000
00101011111000
00111111010010
00110011001101
10110100000100
11111011011100
11101111010010
10110110011110
01110011100100
01100010101101
01100101111010
10011011100100
11000111010010
00100101000110
01100010011011
11010011101100
01110111101110
11100001011101
00100111100100
00110010000000
00001111110011
11001101111111
00011100110110
10001010010010
01001101001101
10011110010011
11000100110010
00001110011111
11100010101100
11100101111110
01000100000000
10110001010100
00000001000110
01111110011100
01111111110010
00101111010001
01010011100011
11110100101100
11110111101010
11011000101000
01010011100010
00111011000100
11110011000100
10110010011110
00011011100011
00011010001100
01101011110001
11110101111110
11100010110100
10100101111100
11101011111100
10000000000000
11000000010000
01111010010000
11111011110001
00111110110000
00000001001100
11100001100111
10100011011001
01001000100101
01111011111101
10010101110011
11110111110010
01111110011000
00110110010000
11100001111110
11010101100100
11110110000001
01101011100111
00101010001001
00001000011000
01000011111100
11001111000000
11001010111000
11110100011100
01010001101000
00001110011000
01000111100100
01011100101011
10001010011100
01001000011010
11100001111100
11100001101000
11011110110100
11011111111001
11011010011000
10111010011100
10111010011100
11110011010110
11011010010100
10011010100100
00010001110010
01110101100100
11000111110010
01100111110101
11110000101010
11001000110001
01001101011011
11110000101110
10111101011110
10001011001110
00111100111101
01010101011110
00101101111110
11100001101001
11100100101001
01001101000110
01110000000100
01011000011100
01101101111000
01100101100000
11110010010110
11100100100010
01001101111100
11101101000010
11101101001101
11110000100010
01111000001111
10100110010000
10100111110110
10100001000101
11100111001001
00110111100110
10000111000011
11100001110000
10010111100011
01110111110010
11010110111010
01000111100101
11111100010111
00010010000010
00010101011111
11100101000001
01101001110111
01110101000110
10111010110101
01110111100110
01111110110110
10001110101011
01101000000000
11101000100011
00001100001010
10011100010001
11111101001111
01110101110110
10110110001011
01110001110110
10001110001011
01100111001110
01100110001110
10110111100101
10110010001011
00001101001000
01100000011110
10011010011101
10111111100101
00111011110101
10111010010101
01100010110000
01010010111110
11010110110110
11100010110101
10100011100101
01011010011010
00001010011110
01111010110101
10110100011110
11101101010111
01010111001110
01100110011100
10110010001100
00111010011001
00110010011101
11111011100101
01110000101110
01101010100000
01110001100101
10010100000000
00100110000001
10011011000001
01011110000100
00101011000101
11110011000101
10100010101001
00111011000101
01000110110001
01000101100110
01110011100001
11011111111101
11110101111101
01111111100101
00101000001010
01101101100100
10000001110001
10001010111100
11010101101001
10100011010101
10111111111100
10000110001111
10111110101010
01010000110110
11111110010000
11111111010010
01100011011100
01111110101101
11001110111101
11001110011100
11000010011000
00111110001010
10111000101001
00000000011111
01110111100110
10001010010101
11100001111101
00001110101011
10111111101011
01010011000101
01111111000111
11010000111110
00110110011100
01011001110000
11010001000010
00000011110100
10100010011100
11011110001111
11000100000010
11000001100010
11101011100010
11000101100010
10010010010101
11100011110110
10001101000000
10110011111001
10110001100000
10110011100110
10110001110110
11111111111110
11111111111110
11001010111000
00000011000111
11101110101011
01111111100010
10001111100000
01110111100101
10001011000110
01111011100001
01110101100100
01010111101100
10111000101010
01000011000101
10110110001111
10110011000000
00101100100011
11000111001010
01110111100110
11011001101001
01001001101101
00011010111000
10111001100001
00011100011100
10110010011110
11110010011101
01110000110010
00011110001101
01010110101100
11100000110101
10111010011101
10111011100101
11110011100011
00110001000101
11110111110100
11100101111101
11011001011100
11010001001010
10111000111111
01111111111101
11010010100100
11111110010001
11101001001101
10000101101100
01100111101100
11111111010000
10101101011000
10101110100110
01110111011100
11011111011110
01001001001110
10000011100000
10010011110000
01001111111000
11000101000110
11010110100101
01011110101000
11010011111001
11100000110101
11010101110101
10110011010010
11110000011111
11011001101110
10001011010111
00100001110100
00010001110110
10110001110100
00110100110111
00000010000111
11011101110001
01101000100100
00101000110101
01100101101100
01111100101110
01001110011010
10111001110000
01110010111010
11100101011110
11101011111110
11101111010110
10101001111001
11110110101110
00011011101000
11101111110101
11101111010100
10001111101010
01101110100111
11101011111110
10001010111001
11000110111010
01011100101111
00000100111100
10010100111100
00111100000101
01011100001101
00001100010110
10110100000010
11000000000111
10101000011011
10001000111100
01100000111100
01000100011101
11010000100101
00000100001100
11111001001111
10010100011111
11001101110111
01001001011010
11001010000110
11011010010110
00001001001111
00101000101110
10011011011001
10101011101001
00100000101100
01111010011000
01011101011001
11010100101110
11011111011100
11111101111110
01001110011110
11010010010010
01001101100100
01111011000011
11110100111100
01111001001011
01111000100001
11001111100100
00011010011100
10110011111100
01001001011100
10101100100010
01101010010011
11000000110000
10010111010100
01101000111011
01100000110100
11100001110011
11001111010100
10001100011010
01111111110111
11011110010100
10001111100100
11001000010110
11100001000110
11100101100110
11000010001110
11100001111101
10001000011100
11011110110000
00010010001110
11000100101111
10110101000000
00111001110010
00001110011001
01001110011100
01010010111011
11110101000100
10110100000001
00100101000100
10001111010011
01111111101001
00110100000010
00100101111111
10001111100100
00111111111110
00100110110010
01101000001110
10110110011101
00000111000111
01110101100110
10000011001001
11000000010010
11001101100000
10011001111011
00001101000000
01010110010001
00011001000111
01111100000000
00100001010011
01010100000001
10001111100100
11100000000100
00100000110101
10010000001110
01010111000000
01000010000001
00001001011100
11001110011100
00110010001100
10010010010111
00001110111000
01111011101011
11110011100111
11010111101010
01000010010011
01000101100000
01110111001101
01110000111011
01001110011100
10001111100100
01100011111110
11010011110010
01010111010001
11010110001110
01010001110111
01010101100110
10110010010111
10010111110001
00110001000110
01100011001110
01100010100110
10010110001111
00111001110001
11001011001000
00000101000011
00011111101101
10110001100101
11100110110010
01000010010001
01111111000111
10110100001100
01100010001110
00100111111111
10100110001010
11101100000111
11001100101010
10001011100000
01110000011100
01111010010000
00001001111100
01111111111110
10110101000111
01110010001110
11110000010011
10000101111100
11000111011111
01111100101010
10011001010101
11101101100110
10101100001011
11001100001100
00011101000101
10000100000010
10110001000000
11110001100100
11011011101111
10111110010010
10011010000010
00000011100011
01100010001110
10101110110100
01100110110011
11100101111110
10100000111110
00011101001010
00011110111101
10111001110001
10011100000011
11110010000110
01001010001001
00011000101000
11010011001011
11010011010100
11000100101100
11101110110101
11000100010010
10110100011000
11111101010111
10000101010001
11000100100010
10110010001110
11010101000101
01101101110001
01000101010111
01110111100110
10001110100110
10011100110000
10110000100011
01011110110010
11011011001100
10110000000100
11001000010100
10101001001010
01001011011111
01110011110110
10101110000011
01010111010101
11111111111110
END
