14
00101101010000
00101011011001
01001001001100
11110111111010
11110111110001
11101001110101
10000001100100
00110011100100
00110011100100
01110011011100
01101001110100
11110111010110
10100111010000
11110010000100
11010001100110
10011010110100
11010011010010
10011111010000
10111111010001
11101111010010
00101111110100
10111011110101
10111010010010
11110010100010
01000000110000
01111010110101
11010011101110
11000001101100
11110110111010
11110111101010
10111010101101
11111010110100
11111000110101
11100110111101
11100111110110
10110111110101
11110111111110
11110111101110
10110000111111
11000101111100
11100010111010
00110001001101
10000001011000
00110000011100
00001010010001
01001000010010
10110100001111
00111101110001
10010100100011
10011010011101
10011010011100
11101011000110
11001111010001
10010011111110
11101011011100
01000001000100
10010010110100
10011111010110
01010110101011
01010011100001
01110000101000
11000111110010
00111010110101
10001001000001
11100001011100
01110011100000
01111110001100
00011010110100
11101100110100
01110011110000
10010001000100
00110101111100
01000101111100
11011010011001
00111000000100
01000000010100
10001101110110
01010010100011
11101100000100
01000101100110
10111011000000
10110010101110
01010111101111
01010011000011
11110010000100
11011111011101
11011111011101
10010001101000
01011011001100
01101011110001
00110000000101
10110110011110
00011010001100
11101011111110
01000001111100
00100001010111
11011110011101
01110000100101
00000111111101
00111010010000
01000000010000
11111111010000
11111111010010
00101111001101
00101111001101
10000011001001
01111110000000
01111111110010
01000100001111
00101110010000
10001011111101
11011001100110
00000111111001
00111111110101
10110001111110
00011101110000
01101000001001
01001000010100
01100000000000
01000011100000
10001111100000
11110111010110
01000110011100
10100111010111
01101011110001
01111011000111
01001011100100
10001110010100
00111000010010
11100001111100
11011010001001
11011111100100
00010001011100
01111000110010
10011011100000
10111011100100
10111011100100
11100110010010
01000110111010
01000000010001
00011010010100
01011010101010
01011010100100
01100111100000
01110111110111
11110110101010
11110110111110
11000111001110
11110100010110
10010010111100
11110011111100
00000000011101
01101110101011
01110001101101
11010000011110
11001000111001
01100101110010
11110011110110
00000010111101
11100110001111
10011011111000
01000101001111
11010011000110
11011101000100
01000010011111
01111110100010
11010111101110
11101101111100
10100101000010
10110011100100
11110011010110
01000111110010
11010110011110
10100101101010
11000101011010
11100101011110
11110001111011
11001011110010
11111111110110
11001010101111
00100001000101
01001100100010
01101001011010
11000111101110
10110010010111
10111111111110
00000000011000
10011101111111
01110100010010
10101111010100
00101100000111
01111111111110
01011100111111
01100010001010
10100001110001
11101010001110
01110000001110
00010000110001
10100100100100
00010110000100
01110101111110
00110110000001
11101010100010
01101100010110
00100111011000
10011010110111
01110101100110
11110111110010
11111001000110
00110000111000
01010101001000
11001100000110
01100100000001
11010001101010
11110100000111
01110101100101
11111001101010
00001010111101
00010011000010
11010001000010
01110101100110
11111101111011
01110001110110
11000110011000
11010111111000
11110010100000
01100011001110
10111000101100
01101110101000
11100100010010
11101010001111
01100100100110
11001011000010
01100110001110
01100010011110
01000100100101
01100110100101
01111001010101
01111001010101
10110110010010
11101100000110
11110110011101
01010101011011
10000110111100
10111011000101
10000110100111
10101011100101
01110000010101
01110001100101
01001101011001
01000110110001
11100000111101
11110011100001
00111010001101
01110000011101
00100001011111
10100000000101
01111100010011
01010100010001
10110101111101
11110101111101
01001100010100
11100111110110
10011010001011
01011111111101
01101010010001
01001100001010
10001001111010
10111110010001
01111111011101
01111101111010
00010111000101
00101101011000
01100110110010
01010011010101
10111111111100
10100111001110
00010111001010
01111110010000
10111011011111
01001110011100
10100101010111
00100110000110
01011010010000
01111100100101
01101001010010
01110111110110
00101001011101
00110110011111
10100000010000
10000110000100
11000010000001
11010100110010
01001110110111
11000110011010
01101101110110
11101110100110
11110100000010
11001110000010
11000101100010
01000001101110
11100001101110
10100111111101
10101111101111
10101110001010
11100111110110
11111111111110
11100000001010
11101101100100
11111010011100
00101101100100
10111010001101
01110111100100
01101010000110
11010011001010
01110101110110
11101011010100
01101010000000
01110100010100
01111110000000
11001100000010
01100010001110
11011000101001
01001001110001
11110011100101
11110010001000
10111010011101
11100101100000
11011010011111
11100101111001
01111110010001
10100000010111
10011100001101
11011000011011
11111111111101
10010111010000
01111101111000
11111100100101
11111111011000
00010010010111
01110111011100
00110010110101
11010001011100
00111011001110
11110111001100
10100110111001
10010011010000
10111011111111
01011001011111
11011000001010
11010101101100
00001111110010
11010111001101
11100011010101
11101111011001
01101011110111
01111011011101
11100101010100
00110011101101
01101011001110
00110100110111
10111000110111
10111001110101
10110001110110
00111000110101
10000001110111
11011001110101
00100010101101
11111111000001
01111000000101
11010000111110
01101110100111
00101100110100
11000001101010
00000111010010
01010010111000
11001100111010
01110110101111
00011010101110
01010010111101
11001010110010
10101100110000
10011111101010
00100111111110
01100001010010
00111010110110
01110000100110
00110100000111
11100100101111
10100101010110
01111000001111
10011000101101
10010110100101
11010000101111
01110100000100
00110011100111
10110000000111
10111100101101
00101000001101
01010100011100
00111000001101
10101100101100
10110110010000
01110100101111
01110010111000
00011000101100
10001011111001
01000110001110
11101000101110
10010110110011
10110011001010
10110110101111
10000111100110
11001111101000
10001110010010
01110011100100
10110000011100
11101011111110
11001001100100
11010111100110
01111011101010
11011011010001
01001010010111
00110101110011
11100110011001
11101100000011
01000101101110
11011001100000
00100111100001
01001111100100
00010101110001
00110101100101
11110100000001
11101001000011
01100100010001
10001010011011
00100101111100
00100100010010
00101001100110
11010101111101
00010000010010
11000101011000
10111101011000
11011111111101
10001001100010
00101000010001
10011111111110
01101111010001
10001001100000
00101100100111
01010101100110
10011001101100
01101100101010
01101000111111
00000000100010
01001110011100
10100010010011
01001010100011
10101110010101
00001110010110
11101110010111
00101100011101
01010111100111
10011001101110
00101000101100
01001010101110
11000000110011
11001010011100
01001100011100
01000011000010
10010010011110
01100000011010
10100101010010
00100000011110
10000010011111
11100010011111
11001110001011
10001101111111
00011010100011
11101111100110
10001110001100
11001110011100
11001110011100
11111110011110
00001000101101
00101100100010
11110100000101
11110011011001
11110100000000
01001100000011
11101100000011
11001110011100
10111110100010
10011010101001
01011011000110
10101000001110
00000001000100
01110010110010
01001010000010
00000100100100
11001110011100
11011010011100
11001110011100
01110010011111
11110111100010
01000001101100
00010010001001
00100010101100
01110110101000
00000111001111
00011110011010
01110010111000
00000010101001
11111111111110
11000001000100
10111011100101
00000111010011
10100100110111
01100100001001
00101101111100
10010111000000
11000110100100
11001010101111
11110001111101
11001110011100
11111011100100
10000111100101
00011011110010
01010000000000
00001001010100
01110011100101
01110101100110
11010010010010
00001000111100
11110001111101
10001001011000
11110001010111
10000111101010
11010100100110
01000111101001
00010001011100
00010011111110
11000001000000
10001010100010
01011010010010
00101011111110
01001000000100
11110001111101
00000000000100
11110001111101
00001000010000
11100101100011
01001111100111
01111101110100
10011011010010
11001001000001
01110010101100
00000110011110
10000001100011
11001100000110
00000001111101
01101000111010
11011110000111
00111010011111
11110001100100
01100010100100
01110111100110
00110011111100
01001001111100
01010101100110
10000000110010
11111110110011
10100101001111
01101001110010
10001000011111
00110001100101
10011001000000
11110000101110
01100001011000
01110001110010
11011011111000
00010000010011
10000100000000
01101110010101
10101110100000
00000101111101
10000101111010
00110100000111
01011010111011
01010011011100
01001110010110
11001110011100
01100010101110
11011000111001
10001001010011
00001100010010
00000001101101
00010001010000
00110001000101
00001100000100
00111110001010
10000101010111
01110101010110
00000001111101
10001000011100
11110111011010
11001000001110
11010001111101
01110010001110
11011100101001
11011000110011
10010101101110
00011011011111
10110000110001
00111000100010
11100101110000
01011100111101
00101010010100
00111001000111
01110000011110
00000111011111
00011101011001
10110010011110
00110011000100
01110111100110
END
