17
01010011100101011
10000000100110100
00101101111001111
01011101101010100
11101000110001100
11110010111111000
10110110001111101
10001010000101000
10101011011000100
10110001100101111
01011001001000110
10001001001101101
00000000101101111
00010110101011110
10010001011110100
10011001111110111
10111111001111110
01100110001111111
01100110001111111
01100110001111111
01100110001111111
01100110001111111
00011111111001111
10110011011101101
10101010000110111
00100100001111100
00011001100001100
00001100100111111
00000001001000010
11110011110011110
10000111101011001
10111011010010010
00000001011101100
10111001110101101
11001011100110111
11100101110110111
00110010100001100
10111000111101111
00001101111001101
01100111100011101
10011001000011111
10101011011001111
10011010010100100
00011011100011100
01001011000011100
10001001010110101
00011000101011110
01010000101010100
00110000000011100
10111110101010101
01001100101011100
11111000100010100
01101111111111100
11101100100111101
01010010000001100
00111000101100111
01101111111111100
00011000100111100
11100100001011100
00101001110001101
01111000101000100
10111010111010100
01010010101110111
01110011101010111
10111100001100011
01011100011000011
11011110011001100
10010110111101000
10000100011101111
11001010000000111
00000011001001111
10011100001010100
01101110111100111
00101011001001011
11011101111100000
00100101111110010
01001110010111011
00101101110001111
10100111010101110
10110010000111110
01001101101000101
11000001111010010
10010101011110110
10010110000000100
10010000010010111
10100000001111111
11000010110111101
00011100011011110
10100100000011110
00001000010011110
11011100001000101
01111100000011100
01111010001110101
01101010000011111
00010100000011111
11011010000110110
01111100000011100
10001000101011101
01011111101101100
11001110110101111
10001100100111110
00010011100001111
11000001110001100
00101001000111101
01001010000101100
11001001010101111
00001001100101100
10001110001101110
00010110000001101
00100111010010100
11100111000101101
10011000101001101
10001001001011111
10111011000111100
01000101000011101
11011110100110110
10101010010011100
10011010001010111
10010011101011100
11010001110111101
11011011100101100
11000101100111101
01001000101111110
00001010111110100
11010000010111101
00100001001010111
00100001001111100
10101010011010110
00100101110001100
10011110100011111
10100101010110111
10110010101111100
00000000010111110
10101111001011111
11110011101001110
10100111001101110
10100001111101110
11010111111001101
10001010011010111
11100010010010110
10101000101100100
11000101000010110
00011111010011100
10101011100010101
01010000011100111
01010000010100110
10011100100110101
11110001001000101
00011100111110101
11001011101010110
11000010000110100
00111000110010100
11111101001000101
00010001110010100
11110110101010111
01010000010100110
10011100100110101
11110001001000101
00011100111110101
11001011101010110
11000010000110100
00111000110010100
11111101001000101
00010001110010100
11110110101010111
00101010011110100
00010101100001101
01101100001110110
00001000111001101
10000100011010110
10001110010101100
01111000000011111
11110110001111100
00100111010011101
00000011111010101
10100000011101100
00000010111110100
11111000111110110
01101011001001100
00000010100010100
10111000100000111
00111111001000101
00011110100100111
01011011111010100
00010110110000111
10110001001111111
10011100001011101
10110011011011111
11000101010001101
01010111011011110
10011000011110100
00011111101011101
10001100000111100
01111001001011110
10011111001010111
11010100101100101
10010001010000101
10010100100010100
01001010101100100
11111001100010101
00011100000110111
10001010110010110
01111010110010111
10100001001011100
01110110100010101
10011111000101111
11001110001111100
10110110001010101
01110000100010101
10000010100010110
01000100011010111
00101101100100101
11001111110000110
11010100101100110
01110110100010101
10011111000101111
11001110001111100
10110110001010101
01110000100010101
10000010100010110
01000100011010111
00101101100100101
11001111110000110
11010100101100110
10000010010100111
11110000010000100
10111000101000111
00000001011010101
01110001111100111
00100101001100100
00010100100110100
01110101010000101
10100000101001100
10101011101011100
10100101111011110
10100000111010100
00010101111010110
00010111110011100
00010001001111111
10000011010101111
00100100110011110
11010100001101111
11110001011100101
11000101100010110
10100101111101111
00101111000011111
11111110000100101
11100011010010100
11001010110110110
01111111110000111
01101110000101111
01010001100111100
00010100100001110
11101011100001110
01101101101011110
10110011100100100
11110000000100101
10100100000110110
01110101000010101
11110010101001100
01111110101011111
00111101101111100
10100000110111100
11001010111000100
00110100111000110
11100001110111110
00000111100111110
11101110101101111
00001100001111100
01110010000111100
10000000000010100
10110000100001110
11000100001011100
10111111111011110
10101110001000101
10000101000100101
01100010101101110
00100011111001100
10011010101010110
00100101111001101
01111000100011110
00010010001010101
11111000011111111
10100100001011110
11100010101010101
11011011101011100
10011001000011101
01010001000011111
10111001000101100
10100111000110110
11000101101111100
00000010001100100
10100011000100111
10100101100010100
10010010001010101
01000001000010111
10111001000101100
10111110100000111
11000101001011100
00001000001010100
01010011111101000
01010101110100000
00011000010011101
00011100100101000
11000000000111100
10001101100001000
10100110100010101
01111101011111000
10100000010101101
11001000001000101
11011000001110100
10010101110100100
00111000111010000
00001000011011001
10100010111011101
00111001101111100
11110110010011100
00111011011110100
10010000101100100
00000101110101110
00110011101110110
11010010101001110
10110110101010110
11001110001110110
10111000011111111
11100100010011111
01001010111001101
11010011100111011
01001001111010011
11000011110111111
01011011000010111
11111010011001110
10100101110011111
00010101110111111
10001000100110101
00110001110101111
10000110010000001
11001110110100101
11110100010110101
01000000101011101
01001111101011100
11000010100010110
10101011001110111
11011110011011111
00111011110111111
10001010100110110
01000100000110111
11101110001110110
01110100001000110
00100011110000111
10011010101011111
10011100101111110
01001010000101100
11001001010101111
00001001100101100
00010101001101001
10010101110000001
11000011111010101
11010101101110110
10111000100111101
00110010100111111
01110010111111110
00110110100111110
00111101100110111
10011111111101111
10000000111111101
00010111110011110
11001110101001101
01001110001010101
10111010110001100
00100100100000100
01111001001111100
00110100011011100
01101111000101001
00110001110010101
10110000011101100
11001111010011111
01110000101001111
11000111011011110
01110110111101111
11011000011110100
11011010100011100
10011010011010100
00100010100001110
00110110110010101
00110000011011111
10110110111111111
10100111110100110
01001011101000110
11000101001101111
10110100101001110
11011101000110101
11011011010111110
00100001000010110
01001101111110110
00111000001110111
00100000010011100
00001001100111100
00001011100110110
10100010101101110
00111100000110110
01001110001011110
10011000101111111
01100001101001111
11111010001100111
00111100000110110
01001110001011110
11001010001011111
00011001000011100
01011101100111101
01001001101000100
00111111010111100
11010110000011111
00011000101110101
10010001110011101
10010000101111100
11100011010111101
01110101010111110
11001001001100100
10101011111110111
10010001101011101
00011110100001100
00000111000111110
10100111001001101
10110111011101111
11000110000010110
10000000010110110
00001001010000100
00111001100110100
10111111100000101
11101100001101100
00001101010001101
00000101001111100
11100011111001100
00001011100011101
11001011001100111
01000001110010100
11001010110100100
10001110100000101
00101000110000100
11000111100110100
10001110011010111
11101000111000100
11001010111010110
10101111010011111
10011100101110110
00010101000101111
01001001001111101
01101001111100101
01010111011111111
10010000000110101
00110011100001100
00101100010101100
00111001100101100
11000100110011110
00100011000010101
11001110110101110
00110111000001101
10000000101000111
01100000001101101
01010010111001110
11001101101101101
10011101010011111
10111011001111110
01101011010110101
11111101001101110
11101011011010111
00000101000111110
11011000011110100
11011010100011100
10011010011010100
00100010100001110
00110110110010101
00110000011011111
10110110111111111
10100111110100110
01001011101000110
10110001000101100
01101000001111101
00011010110100100
00000001001010111
00000011001011100
00000001000010110
11010110111010111
10011011101101110
01101000101100110
10101100111000101
01101010010110110
11101110111110101
01101101101110100
01100101110011110
01101101101011100
00100010011101101
10110010110010111
10101000001110111
11010000000110101
10111011001110111
01110011110100110
01110100001000100
00111010111000101
00111000011100101
00001010100000110
00001101111010100
01001111101011101
10101001010010110
01100011110001111
01100011011110100
01111001001111111
11010001110110100
11100110011000100
01100001010100110
10001111110011110
10010110100101000
10010111111010110
11111111001100110
10001111110101111
10100011000011101
10001000100011100
11101110000111101
10011000101010110
10110100111101110
11111000001111111
00110011111011110
01001100001011111
01000101011111111
01110110010001111
00011011100101110
10011011010110111
00011001010100110
11110101000000111
01011000010101101
01110010101011000
10000100001001111
00101100000110111
00101011011010011
11001001110111111
00000011101110100
10001000000011100
10010001000111110
11110011100010110
11010010110111110
00111100100110111
10100111111011110
10000000101111101
11111011100111101
01110010010011101
01111101010111101
10001000001000101
10001000110111100
00111111101110100
01101011001001100
00111011001010110
10011110000101101
11000111001010111
00000011010011100
10110001000010100
10111101101110000
01011000001011101
00001011011111100
10010010101110100
01001110010001110
00101000111111110
00110010111111100
10100001110110110
10000110011000111
10010100101011111
11000010110000010
11011001110000101
01111111111010111
00011110111111110
10100010010001100
10001100101011111
01000110111000111
00011000110010100
10100001010000110
01101101100110101
00111010100010100
00010111110010100
01110110101110111
10010001011000110
11110101011100100
11000110010011111
10000100110011101
11010110100100110
11111111010011110
11000010110100101
00000011110000101
11111111010100101
01011101001111100
11111100001100100
11000011110110101
11100011001000101
01110101001011101
11110100001101111
01001110010011101
01011111011010100
10011001110000101
11111101000001101
10011110001101111
10100100000111111
01010100010111111
10011010100111101
00001010001011111
01101001101110110
01011001101111100
11110100101111111
10100100000111111
01010100010111111
10011010100111101
00001010001011111
01101001101110110
01011001101111100
11110100101111111
10111010101110111
11111001101111110
00101101110111111
11010111101111101
10110011110010101
00010101111101101
10110111010011100
10111001100010110
01100011000111110
11001011000111101
11010000101111100
11001100000010110
10011011110001101
11010100011011111
00110000010010101
01101101100001100
11111101100010110
11011001011001101
10100000100111100
00001010010011100
01110100100001100
10111111000111110
01000000101110101
10110010000101100
01101010000011111
01010000000011101
00000100000101101
10110001100111111
01100110101111110
00111001110110100
11100110010111111
01011000100011111
01100101000011100
10110110100111111
11001011000010100
11111100001000100
00101000000101100
01110000101011110
11001011000010100
00101001000010111
10011110011011111
11110100000111101
00011001001110001
00110000110101100
01101001000101011
10111111011000101
00101001000010111
00011100000011011
10001010011001000
01000111100001000
00000111000110011
00001100011001011
10000110011011010
00111000100101010
01011001100011001
01101001101001101
11101010100011101
11111010100011000
11001010011101101
10011110100001111
00001100101000000
11101110011111111
11101000111000110
00101100000101010
10110101010100101
00011100000001111
00010110000101000
00110010100010101
00001110000110101
00011011000001101
11010010100111110
11010100001010100
00111010101000111
00110010110010101
00110010101001110
10010100111010101
11000111100111100
00001011100010110
10100011100001101
01101010011111100
01100110000000101
11010100101110110
01100100101010100
11001011110100001
01100001101111111
10100101000011110
00000010001100011
10010110010101110
01100000001101110
00010010111011111
11100110001100101
11111111110110111
11101110011001111
11100000111110110
10111110100010101
10011011110111110
00110111011011100
10101100010010100
10110110000111100
11000100010100000
00100001000110100
00001001110010101
11101101011010101
01110000001110001
00111000111011101
10100011110011100
01000110000100100
10110111011110100
00001011010011100
10110000101101101
11001110111010100
10111011010111101
00000110010010100
01001010100101101
10000100100111100
10100110111110101
10010110000100100
01100000011111000
10110111001001101
11000101011001101
11001110111010100
10111011010111101
00000110010010100
01001010100101101
10000100100111100
10100110111110101
10010110000100100
11101011000011110
11011100110100010
01000101011111111
01101110000111001
00010111100110000
01111000010110110
00100000110110101
01110011101001000
00000011011001100
11100110000101110
11111101001000110
01101101100101100
10000101000010010
01110010011111111
11000000101101000
11011111101110101
10001000100110100
10001100011100111
11111000010011111
01101101110001110
00110000110101111
11100110010110111
01000011000110110
00010011000110110
11101001010011100
00001010111010110
10000001100001111
00100010100100111
00101010110010100
01110101010001110
10001111100010111
01011101001111110
10100001101110100
10100010000010100
11010111010110110
10001110100110100
01001110101010111
01000001011101011
10000000010011110
10100000101001110
00111100011011100
01010110110111101
10111100101110101
00001000110101100
00100001001111100
00001101001110110
00011110101111110
01001100101011111
10010010011011110
10101000111001111
00001100110011100
01011110110111101
10010100001011100
00001000110101100
10010101001011100
10101101001100110
10010010011011110
01111000100111110
10111100101101001
10011101110101011
00101010111100111
01011110110001110
11010011011110111
00001011100110110
11011001011000101
01111011100001100
11001111001101101
10100100110010100
00010000000001111
01011011000000111
11110001111110111
01010111010010100
01110110000111110
00010111100111110
00010101001011101
00011000010001110
00001001101001111
11000011001010110
10000010100011110
10101110001001101
10101101100011110
01011001100111101
01011010110011100
11101010010011111
01110100010101101
10001011001011100
10011100110010100
01001101110001111
10101101100011110
11111000000111100
11100001010011100
01011010000010011
10010010111101110
10111011001101110
00100111110011110
11001100010011100
00101010111100110
01001010000111111
10010010010101111
01110100110000111
10010000111001110
00100000000010110
00111100101001111
00011111111011110
11010010000010101
00000000110000111
01100100111101111
10111100100001011
00111010000110111
01111000000101110
10001010101101111
01100110000111110
00000101011010100
10010010100011101
01010010001001110
10000111110100111
10010010111101100
10011001101111111
00110011000111100
01010110010011110
11111001000000110
01001011001100100
11001101000101110
10010011011011100
11101101110011111
00100001111101111
11100101111001101
00011011100001101
10000011011101110
11001000101110101
10110011101001100
00011001000101100
01010110000111111
00011000010001100
11011100000011101
00111100011101110
11100010010010100
10111101000010101
01100111000111111
00100101110001100
01000000111001110
10000100010100101
11011110011010110
10110011001110101
10000101100010110
01010001110110111
01111000010100110
11110010100000111
11000101010100101
10010001010110110
11110010011110101
00011000101010110
10110111100100111
10011010101011111
11011011101110110
11101110011111110
00010111011011110
11100001010011101
10010111111010101
00011011001010110
10100111011111100
00001100100100101
00111111111111111
11110001110001110
10000100111110101
10110101011111111
00101011111001111
11001111010110101
00100101110111100
11011000110001111
11101000101100100
10010011000100100
10001111011111101
10100011101110111
10111100100011111
01100111100010111
10101010011001101
10101011000111100
11100000011111110
00010001000011110
11101010100011110
11011010111110101
11011010110011101
10110110001111100
01001111101110111
01101100001000100
01110111001111101
00010111101110111
10011101001001101
00111000101011111
00100101010011101
01001101111000111
00100000100111101
11110111100110100
00000010100101101
00011000100110011
01110011001011110
01100110101011101
01111000010111101
11011001100110100
01110000110010110
11111001010000110
01110000001111111
01101001001011100
11111000101110110
10010101101000110
11010000001010101
10010111110101101
11001011000011111
01101110001011101
00101101100101110
00000001011001110
11100011101111101
10110101011000110
01010011110011110
01010000110111111
11111110100001100
10101011000100100
01000011000100101
00100011001111111
11000100001011111
11111110000110101
00010110111101111
01010000001111110
11111010000001110
01111000000011100
01000100100111110
01100001100111101
01111000101110101
11011001000010110
11100001110001110
11111000100111111
01110110000101100
10101111000001111
00100011000100101
00101011110111101
11001100001110111
11010110010011100
01010001011001101
00000001101011110
00011100000011110
11111101000101101
10110110000011111
11001110110011100
01111100001100110
11111110011110100
00001001110110100
11100111001101111
10111100001010100
00011011001110111
01101010001110101
11010110011010111
00111100110010100
01110011111010111
00101011110110111
11110000101010101
10100011000110101
10101001010110100
10110001110010110
11011010001101110
00000100100111110
10110000000111101
00101101110011100
11001010100110111
01111110000000111
10101100001011100
11001000001110111
11111111000101101
01011110100101111
11011000000100111
01100100101011110
00110100100101111
10110111000010100
00011001000110110
11110110101111110
00011110100110100
11000010101110110
01011101111110100
00000000110110100
01001000111010100
00010110001101101
00000010101011100
00111001010111101
10111011110101100
01100111010101110
00110001111011110
00001101001100101
01110101011100101
10111000010101101
10100000111100100
11101101110111111
11011110111101101
10011001110111111
11100100001001100
11011110001010101
00001100101011111
11011010100100101
10100000010011100
10011011001101111
00001110111000110
10111101110011110
01011001101011101
01011110110011100
11111010010011100
00110100010111100
10010011001110101
00101001010010100
10001101110011101
00001000100011110
11000011001101101
11011000110100110
00000010110100111
10010001010011101
10001111100001101
10001110000101111
11100111101010100
10110101100011101
00000011100011100
11100100110000100
10111011111100101
10010011011101110
00010111011110110
11011001000011110
10110000110111100
00000101000000101
00011001111101101
11010000101111111
00001111111110110
01111101010000101
00111111100110100
01010111010000111
11000001000111100
11110001001010111
00111111000001111
00010011010010110
00010100011101110
01100110001011111
11100101000101100
10110010010100110
11000001110011111
11100100010001111
01000000101010110
10011100100111111
00000101011001111
00101111110001110
11000110011010110
11100001101111101
01110000010011100
01110111101011111
10101000110101111
11001010111111110
00100101000001100
11010000100110111
01111010101110101
11101111100001100
11110110101010110
10111100101011111
01001010100000110
11100010100011111
01101001100100100
10101011111111110
01111011000001110
11010101010011101
01110010000101110
00111101000110110
01011111110101111
10011101101111111
11001000100111100
10011110111110101
10111010110001101
11110110010111100
01111011101100101
11101100010011110
01111101001111100
01111000011001100
10001011100111111
10101010001010011
00011111000111111
01001110101111100
01101111110001110
11110101101110110
00010011000011110
00100101010110100
00000100110101101
01011001101011101
01011110110011100
11111010010011100
00110100010111100
10010011001110101
00101001010010100
10001101110011101
11000100100111101
10101110101010100
00001011001110101
11101000100000111
11000100100111101
10011000000111101
01011000000001110
11010010101010111
11101010101111101
00011100000001110
10101010101011111
11011001011110111
11100010110010110
11000000010110101
01110010111011100
01001010111011100
01001011000001111
01110100011011101
00000111000000111
11000100100111101
10011000000111101
01001111011000010
00100000100101100
11110111000011100
00111000010101101
10000110110011111
11101101001001101
10000101001011111
01101110100111111
10101011011100100
11001111110101101
01001100011101111
11110100010010110
01000001000100110
00000100001000101
11110111011011110
11100000101000111
11010101001101100
11000110001000100
00100000100110101
11011100101110101
01001101100101111
11110010001010100
01010011010000111
00100000101101100
11101010010010110
11100000101001111
10010101101101110
00000110101000101
00000000100100101
11110000101100100
10000100111001111
00110011010011100
11010100010101100
10000101110010100
01000101000011110
10010101101100100
10000010110111100
10010110001100100
00100001110000101
10011111011011110
00011000001000110
00000011101100101
00001001010001110
11010100111110110
00010010010101101
01000101101011110
10000111010110110
00100111000010111
00011110100111110
01000010100110111
11100000100001110
10111000110111101
11101000101110100
10000110000001101
10000111010110110
00100111000010111
00011110100111110
01000010100110111
01011110110001101
00110100100010001
00011111001110101
00101010001101100
01000110011101001
00011101101000110
10110000001000111
01000011100101100
01001001001110100
01001111111010100
11111010100101100
11000010100010111
11011001010001111
01111111000011110
11001101011110111
10100110011010110
10111110100110111
00110111000110111
11011011100011110
10000001001111110
01011101101110111
10010001000011100
11101000001001010
11110100110010110
00111000011110111
00010101111100111
10111111110111110
11101110110010110
11001101110101100
01000110110000101
00100000010001011
00100110000111110
10001010100111111
11100101001010101
00100011001111111
10110110101101101
10110111111010110
10011010010000101
00011111110000111
01100101010001111
00011110110111111
01111011100111110
11100100011101111
01001100101000110
10001001010100111
00011110011101100
10011001000001110
11111010101100001
11110000110101111
01000011010011111
10111001100010111
11011100101001100
10100111100010110
01000001001111110
10100111101101111
10000110001001100
11001011110001101
01111010011001111
10100001011101110
11010000101101101
10101011111011110
01000000110110111
00111011010101110
11000000001110010
10111010100100111
10110101100101111
11011110100010111
10011111100111110
01100110000011110
00010010100111111
00011000101000101
10100111011100100
11010101011111111
00111001101000000
10110011010111111
11011110001010011
11000000000110110
00110100010001110
11110100001111100
10011001100010101
00110000010011111
00001100101111101
11000010010011100
11001010011111110
10001100011011101
10111010001000101
10110001010010101
01100111001010101
00101010011010101
10011010101100101
11100101011101101
01100110100011100
10001100001010100
11001010011101100
01101100101010101
10000100001011101
11001000101011111
10110000000101101
01101010011010101
00001101001110110
11011100111101110
11101100100111111
11001000101011111
10110000000101101
01101010011010101
00001101001110110
11011100111101110
11101100100111111
10011100101011100
00100011010111100
01100111110101101
11011010011001111
10010000100011100
11110100011000101
00110010110101111
10000000000111110
00010100100010111
11011100111101110
11101100100111111
10011100101011100
00100011010111100
01100111110101101
11011010011001111
10010000100011100
11110100011000101
00110010110101111
10000000000111110
00110010101111111
00000101101011111
10110001110110100
11110101101111111
00011100101111101
10001100101110110
01010011101011111
01101010101011111
00001100000011110
00011011101110110
10001010011000101
11111001111101100
11001010100011101
00011110100001111
00111010100000101
11101101000111100
10101010101011101
10100000000011110
00010000010111110
00000110110011101
10101001011011100
11101000101000100
01111111110101101
10001110101101011
10110001011000101
00001100101000100
11010000000111100
10101110010111101
10011000110111101
10010010100111100
11001110001010110
11111100100011111
01110100000110101
01110100000100101
11010000000111100
10101110010111101
10011000110111101
10010010100111100
11010000000111100
10101110010111101
10011000110111101
10010010100111100
11010000000111100
10101110010111101
10011000110111101
10010010100111100
01111110011110010
01010000111101101
00111101110000111
11001000011011111
11001110000001010
10111001100110101
01011111100101111
01001010111100101
01000110101010000
11100111010111100
01101000000011000
01011000101110000
11111010000000001
10111110101111010
10011101001000001
00111100100111001
10001000001001010
11000001011111110
10011110000110100
01110001110001100
10010111111010100
10110100011111110
10010100111000110
00111110011111101
10001110001001111
01100101000011110
10110010001011100
01011000001100101
10000100101000100
01110111010011100
01111101001111111
00011010000010101
11101001101010111
11111000001000101
11100000010010101
10111101111101100
11011010100111100
11110100000011100
10000000001011101
10011111010000101
11101110010001111
10100000000111101
11110100100111001
01110100000011111
11100000001010101
11111110010111111
01111100000010111
01111101101110100
11101101010111111
10110110000010100
10110000100101101
01100000001110101
00000001000110101
01010110100111100
11101000100000100
01100101110011101
01111101100011100
10110100000000111
10010110111001101
11101101101011111
01110010011010101
10101001000010110
10001001101000111
01000110111000100
10110100100000100
11100011101110100
01000001010011100
11010100101010100
11001111001101111
01011100000011111
10110010101110111
11100011101001100
10100010001010111
00010101001101101
11100011101101111
11110101111010110
01000111000010100
11010000011101101
10100001010011100
01100000000011101
00001010101111101
10010000000110101
10101011101101101
10101111001011000
01101001101111101
01110001010110010
01011011001001110
10111100110011101
11111101011111110
11010000000111100
10101110010111101
10011000110111101
10010010100111100
11010000000111100
10101110010111101
10011000110111101
10010010100111100
11010000000111100
10101110010111101
11010000000111100
10101110010111101
10011000110111101
10010010100111100
11010000000111100
10101110010111101
10011000110111101
10010010100111100
11010000000111100
11010000000111100
10101110010111101
10011000110111101
10010010100111100
11010000000111100
10101110010111101
10011000110111101
10010010100111100
01011010011111101
01010011111101100
10111111000011101
00110000010100100
11111101010010100
11111000101100101
00100110000011111
10101110010111101
10011000110111101
10010010100111100
11010000000111100
10101110010111101
10011000110111101
10010010100111100
11010000000111100
11010000000111100
10111011110011111
01110100010100111
10111100000101111
11001111100111110
00011010001010111
00011010011111100
00110000000010110
00001011111011110
10011101110110000
00100001010001100
00110110001000000
01011100011111101
00001001000001110
11110011101011111
11111000011010100
11000000111111101
00010000101011100
00010010101101101
01101110100001111
11011011100111111
01011000100100100
01000111101011101
01000100100110101
10010100101111111
00010110000001101
01111010101111111
11010101111011111
01010000110100111
10101101111011111
00101000100010110
00111101011100110
00100101000111101
00101010111111110
10011001100010100
10100000100110100
11110011011111101
00000110000011101
10100100110110101
11011010001101101
00000010000011100
01011010011001101
11000010011000101
11000011100101111
01111110101110111
00100101010000111
10001000110111101
01001100001111110
01111001100111110
00001111110001100
00001111011100100
10011111100001100
11100000000001100
00010101010101111
10111110111110110
00010000001100101
00101011101101111
00100111100100110
01011110001101101
00010110100011111
00000101100110111
00111111110010101
10010101010100100
11011101001110111
11000110111101110
10001010000011100
11000110000111101
01001010000111110
01111111000011101
01001110100110111
10000111000101110
01110100011110110
10000000010001101
10010001010110111
01101010110111110
00001100100111110
10100101000100101
01100111011111110
11000001010001111
00111101100010111
11001010111000100
11001100000000101
01000101001000110
00111010000000111
00110010101100110
10000111100001111
10101001010110100
10110001110010110
11011010001101110
00000100100111110
10110000000111101
00101101110011100
11001010100110111
01111110000000111
10101100001011100
11001000001110111
00110110111011110
01110110100011110
00001100100001101
10001100000101101
01010111000101111
01011110101011111
10101101001001101
11110101100110101
11011000111111111
00111011100111100
10001010001010111
01000010111010110
10111011011101101
10101001000110111
11010101110010111
10000000101001101
10110010100011111
10001001001011111
11111100000011111
01110001011111111
00011010110111111
00001101110010110
11111100000011111
00111000000011101
00101000101011101
00010001110111110
11010000000111100
10101110010111101
10011000110111101
10010010100111100
11010000000111100
11010000000111100
10101110010111101
10011000110111101
10010010100111100
11010000000111100
01001101011000011
11111100011011011
00001101110011111
01111100010011100
11101110100111110
01100111101000110
01101101000101111
00010000001111110
00111010110001111
10010001101011101
10010001010100110
01100000110101110
00001001101110101
00000001110101101
10100011100011111
01001010100110110
11001101111110100
00011000101000111
01101000101110111
01101001100001110
11100111011111110
10111000101000100
00001111011100110
11100010111100100
00100100100010101
01101010111001100
11101101100111101
10011011000010111
01010000000100101
10101010101000100
01010000010011100
10101100001111100
01100101001011101
10111100011000111
11011101111011100
01001110011101101
01011100001000111
11011000010001101
00100011000011111
10000000000101111
01111100001100110
00010000010001101
10111000000000100
01010111111001100
11110100000000101
00001101001101101
00110111100011100
00100110001101101
00010000010001101
10111000000000100
01010111111001100
11110100000000101
00001101001101101
00110111100011100
00100110001101101
10001010011000000
00100110010111101
01110011011011101
10010001010110111
11100110000101101
01001001001111110
10000011000110100
00011011010001110
11010010011011111
10100101100010111
01011111011001110
11010000110000111
11000110011110111
11011010000001110
10101010000000110
11100101110000111
10100001011111110
10100101110011101
01001110110101111
10011100100011111
01000010110110101
01101000110110110
00000000101111110
10100010010010111
00101010010111111
00011111101101101
10010011111110111
11000110010101111
01101110111011100
10110011110110111
01111101110111101
11000111001000110
11100100000011111
10001001110101100
00110000001011110
11011011000110101
11101101010110111
10110110101011100
01110000100001101
01111010101101111
11001011011111110
11010101010010110
11000010111011101
01010110010100111
11101001011110110
00110001110111110
11110100001010110
01111100001111100
10011101011111111
00000011010111111
10000111101010111
00010101100110111
11100010100011111
01110010011001111
11000011011001100
01000100000101110
10001011010110110
01011010001101110
11111111111111100
11000001001110100
11000001011011111
10010111011110111
11011101010001100
10100110100011101
00010100100010110
01000001110100110
11111000001000100
01000011111100101
11010111101010101
00111101000111100
01111100001111101
01001111001110101
00011111111110111
00111101000111100
00111010001011110
11010010000111101
10011101010111101
00110001110111100
00110000011110100
01011101100011101
10111110101010101
01111110011100100
11000011100011110
10101110001110110
01100011011010100
01011010010001111
01001101000000100
00001111000101100
11110011000100110
10000000101001101
10110010100011111
10001001001011111
11111100000011111
01110001011111111
00011010110111111
00001101110010110
11111100000011111
00111000000011101
00101000101011101
10010010011010110
10010001000111000
00101000001001001
00001110101110011
11000000010101011
01100011000100001
01001110101111010
01101101000011100
10100101000011111
01000111100111110
11010000000111100
10101110010111101
10011000110111101
10010010100111100
11010000000111100
10101110010111101
10011000110111101
10010010100111100
01011010011111101
01001110101110101
11011101010001100
01110100000110101
10100111100000101
00000101100000101
01010101000001101
11010000000111100
10101110010111101
10011000110111101
10010010100111100
11010000000111100
10101110010111101
10011000110111101
10010010100111100
11010000000111100
10101110010111101
10011000110111101
10010010100111100
11010000000111100
10101110010111101
10011000110111101
10010010100111100
10111010010111101
11010000010111100
10110110000111100
10011000100111101
10000010100111100
11010000000111100
10101110010111101
10011000110111101
10010010100111100
01111010010001101
00010000110111101
10110110001111110
10111000100111100
11010011110111100
11010000001011100
01100010010110101
01111010010001101
00010000110111101
10110110001111110
10111000100111100
11010011110111100
11010000001011100
01100010010110101
10101100110111110
11100000000111110
01111010101111101
01010010011111111
00101011110111101
10101100100101110
11011111010000110
00001101110101101
00000010000110110
11011011111001101
10001100001010100
01000100011100111
10111010000000100
01101000101001110
10001100100110111
11010001011000010
01010000000100101
11101100000100100
11000110101111100
10011010000101011
00101110000000111
00111001010110111
11010111010111101
10010000111000011
01010000000111011
00011010110000010
10100010100101001
11101011011111011
01011010000001000
10001100000011011
00010001101111111
11101110100010101
01011111010111101
10000000100111100
01000110000001100
11110110001010010
00011110101111100
10001010001110101
11010100100111100
10110010000111110
11101101000100100
11010101010110110
00000001001011111
10010111111000111
10010110110101111
01110010101111100
11101010111101100
10110010000011101
00101010010011111
00000000101000100
00101001001010101
11010010101011110
00001001100011110
01000011100011110
01011101111111110
00110000000111101
00111010101011110
11101111010010101
00100100101110101
11110011101110100
01010001001111110
00111000001100101
00111011111011111
01010010100111100
00111101011000100
00001111010011110
01010010110101100
10001110010100111
10100110001011100
01000011111110100
01011110111001100
10101111001111100
11110100100101100
01010011100110100
01000110101001101
01100000100111110
00111011111100100
01111100101101110
01100001010011101
11000101010111101
11111010100111110
10010100001110110
11010100010011101
10011100001111111
11001000000111110
11110101100110101
00111011111100100
01111100101101110
10101100111010010
10010000011010000
01111101101011010
00000100000001110
01111110000000001
11011100101001101
01001100101010101
11011000100001110
11101110101000101
11010110000101111
01101000001111111
10101011000111111
00110010010010101
10001111011011111
00000101101011110
01000100010110100
10010010001000100
01011111000000101
10111001101011101
10011000101111110
11111011011110111
00101010011110111
10110100110011111
01101110000111100
11110010001000100
01111001000010111
10110100110011111
10000100010011100
01100110100110100
01111001100101101
10100010001100111
11100101000110101
11111000100110101
00011001101110101
10011001010000100
01010101010111101
11110101001010111
11100100110111100
01011101101001110
10010110111011101
10110011111001111
10000101110101100
01000001110100101
00101111100101100
11100111110011111
01000001010011101
11010110001111111
00101100010110101
10000011111000111
01101101001111100
11101000101111100
11110000101111100
10010011000001110
11101111010110100
00101000111110100
01011001010011110
11111010000111110
11000111110011110
11010100110111100
01000000100111101
00111110000110100
11110011010100100
01010000101100101
00110011100100100
00101110101101110
11100001111101100
00001011100011100
11101101110010101
10110101111001110
00111011110101111
11100001100011111
01110111110011100
11010001000011111
10100111100110110
00000100000011100
00011010110010100
10101100000101100
00100000000010101
10100111100110110
00000100000011100
11000111111010101
00110000001001100
11000111010111100
01011100000110110
00110101111000101
01001001000010110
01101101000010111
00111101011111100
11000110100001110
10001000010001100
11101110100000111
10110100101111101
11100011001101100
01000110001010110
11110110010010110
10111000010011110
01010111000110111
00111001101101110
11111110010101100
10011000101011111
01000100000110111
11110000001100110
11111101011110100
10001100010110111
00001110100011111
10100000101010110
11100111000110111
01100001111100101
01101100100101100
11111100101110111
10111110011111101
01111000000111101
11011011001100100
11010101011111111
00111001101000000
10110011010111111
11011110001010011
11000000000110110
00110100010001110
11110100001111100
10011001100010101
00110000010011111
00001100101111101
11000010010011100
11001010011111110
10001100011011101
10111010001000101
10110001010010101
01100111001010101
00101010011010101
10011010101100101
11100101011101101
01100110100011100
10110000100111100
11100000101010100
00100000110000100
10110011010010101
00101011011100101
10011011010010101
10111110001100101
11100110010000101
01010111000000100
00010000110010101
11100011001101111
10111000000010101
11001011011001101
00101110100111111
10111110101110100
00101110000111101
10001000000011111
01111110000110111
10010110110101111
01110010101111100
11011111100110011
11010011110100010
00100101110011100
01101110110101011
10000001100101011
10000001000000001
10010110000001111
11011000001001111
01011000101100101
11111001000011101
01011011101011111
11000010101111101
01000110100111111
00111011000011101
11100100001010100
11000111000001110
10010100010010111
11110010111110111
01011100110101111
01011010100111110
00110100101101110
01100111100001111
11010011111110111
10110000010100110
01010011011110110
00100010101100110
00000001011110111
10011101111101111
10100001000101100
01010000100111110
00001111100001110
10000100101111101
11011000011110100
11011010100011100
10011010011010100
00100010100001110
00110110110010101
00110000011011111
10110110111111111
10100111110100110
01001011101000110
01111100001011111
11011000101110110
00100110000111111
11011100101111101
10100000110101101
10101110001110111
11010011110010101
00101100010111101
11101000001101111
10010100110100100
00111011110101101
11010111101110110
00000110101010100
10111010110111100
11010011011010111
11000100100111100
10000011001010111
10110000111011101
01101000001110100
11010110011000101
11111101100000101
01100000111000111
01111110100111110
01010000010011100
11001101101110110
00100100001100110
00001101010101101
10110001100010110
11101010011101110
01110011001010100
01011110101010101
11001011011110100
01111001101110101
00011100011010111
11011011010010101
10111010110110100
11001001110010111
11010010010001111
01011111100111100
11110101010000110
00111011100101100
11110011010010111
11011100000000111
11111001111101111
11000110101011110
01100001001111101
10101100000101110
01000011011011100
10001010111110101
11010000110110100
00011010110100101
10110010011000100
01010011011011111
01011111010011101
00101010000110011
11101110011110101
00100000001010101
11010010100101111
11100111000011010
11111011010100101
01000110011101000
10000010000111101
01111010011001100
11000100010001110
10010000111100111
00010111011001110
00001001000011110
00110110110011101
11010110100011111
01100101010110110
00011111100011110
01101000101010111
11101010010010111
10001101101001110
01001100101100111
01000010101000111
10010110001111100
10001100100001110
01101100010111111
11100001010101101
01100010110010110
11010001100010100
11100011111011110
11010000000111100
10101110010111101
10011000110111101
10010010100111100
01011010011111101
01001110101110101
11011101010001100
01110100000110101
10100111100000101
00000101100000101
01010101000001101
11010000000111100
10101110010111101
10011000110111101
10010010100111100
11010000000111100
10101110010111101
10011000110111101
10010010100111100
11010000000111100
11010000000111100
10101110010111101
10011000110111101
10010010100111100
01011010011111101
01001110101110101
11011101010001100
01110100000110101
10100111100000101
00000101100000101
01010101000001101
11010000000111100
01000000100011111
00011110001011111
10001100100111101
01111111100011100
10100111000111101
01000001011011101
10110111110011101
10111111110101101
00000101110010101
11010111010101101
01101110001000100
10111100100100100
01000110011000110
01011011101000100
00100000011100111
10101001101110110
10011010110101111
11001000010110100
01111110110001101
10110011010001111
10100110100000100
00101011010001100
10011011000001111
01011010111001101
00111101100111111
11110001110111110
11000011101111111
10110100100011110
11110101111011111
01111111000101110
10100010001011100
10011011001011100
01011001000011110
10001111001011100
00011011101001100
00101001011101101
01101000100001101
00100011000101101
00101010011011101
01110011100000110
00111010100111000
01101000110100000
11011001010110010
00101111010001010
01110100011100001
11001010110111111
11111111001000001
10011011001110011
10111011111001110
00101011001010101
00000010111010000
10000011011001011
01101111100010001
10100011100000001
01010010100011001
11011111000101001
10000101011111010
11100111001011101
01000101001101100
11001000010011101
01010100100011101
11010000100111100
11100110000111100
10001010110111101
10011010110111101
11010000100111100
10001110000111100
10011110110111101
10011000110111100
10010010000111100
11010000000111100
10101110010111101
10011000110111101
10010010100111100
01111010011111101
11011000100110100
10110111010001100
10110100100111101
01010100100011101
11010000100111100
11100110000111100
10001010110111101
10011010110111101
11010000100111100
10001110000111100
10011110110111101
10011000110111100
10010010000111100
00111110100110100
10011111101001101
11101010101010111
00111110100110100
01010101000001101
11010000000111100
10101110010111101
10011000110111101
10010010100111100
11010000000111100
10101110010111101
10011000110111101
10010010100111100
11010000000111100
10101110010111101
10011000110111101
10010010100111100
00001000110011111
11010000111110101
10101111110101111
10010110110010110
11011110011011110
11000010100101101
10001100001000110
11001100000110101
10001010011101100
00011110101000110
00000100000011101
10110111101010110
00000001110011101
10100111000110110
01101000100001100
11111101101000101
01111110100100100
11111110101011101
00001000000101101
11000000000011100
10110111101010110
00011010100010101
10100111010110101
01001000101101101
11111000101000101
00111110110011101
11101111100011101
00011000000110101
01001101110100110
00110110110101100
11101110000010100
01101100011110111
10011111110000111
10101110010000111
00010010011000111
10100011110010101
11100011010011111
11011101000100000
01000100110100100
00010000111011101
11100010001111011
01100111011111110
11110111011110100
10010010001101011
00110001011000001
11001101001010000
00101010001000000
10011101100001000
11111011011001011
00110100111001000
10101001111001011
01010001101111001
01111101000111001
11100000100011010
00010011100110010
01101101101101010
11000110101110010
00111000001010001
11000000001110001
11000101011000001
10000101110011100
10101100100000111
11001011100100101
01110010001000100
01101100001001100
11010011100111101
01101100010110100
01000110111101111
11010011000011111
10110100101001101
11001011011101111
11101100010101101
01111011001110111
01110010001000100
01101100001001100
11010011100111101
01101100010110100
01000110111101111
11010011000011111
10110100101001101
11001011011101111
01110110101000100
00101111100010100
10011111110101111
01101100001111100
00100110111111110
11000010000010111
10101110010111101
10011000110111101
10010010100111100
11001110001010110
11111100100011111
01110100000110101
01110100000100101
11010000000111100
10101110010111101
10011000110111101
10010010100111100
11010000000111100
10101110010111101
10011000110111101
10010010100111100
11010000000111100
10101110010111101
10011000110111101
10010010100111100
10101110010111101
10011000110111101
10010010100111100
11001110001010110
11111100100011111
01110100000110101
01110100000100101
11010000000111100
10101110010111101
10011000110111101
10010010100111100
11010000000111100
11110100000010111
10001101100011111
10111000100111111
10000110000000100
11110110000011111
10110000000100100
10011111010110101
11010000010110101
11001100001110100
11011001010011110
11110000001111100
11010000100111100
11011011100011100
10110010000100101
10011010000001111
11001010100110110
10111000100111111
00101110000001111
10100000110101001
10101101111011110
00111010000101010
11111111001110100
01110110000011101
00010100101011100
10111010100001111
11110110010011111
00100110010101111
11001110100100100
00000010111111101
00010010100111101
10110100001011110
10010001101111111
01101011100110111
00010110001101111
00110100000111110
10000110101010101
01010101001010101
00000101000010101
11101010110110101
01001100010011101
00000110101111100
11000110011001100
00001000001111100
10101001111101110
00010110101111100
11100000000111111
01100110110100100
00000100011101100
11000100101101111
01000001111001110
01111101100100111
00011010010010110
00111011010110110
00111100011100110
00100000011100110
10000000110100111
00001010000111111
10000000101111100
11000010000011110
01111111100111100
10111010011011110
01001111111011111
00001010000111111
00001010000111111
11011010110000110
10100000101001111
00011110100010101
01001100010000101
10001001000111101
11111100001011111
10000111000011100
00100110001111100
01000000101011111
11000011111111100
10001001000111101
10100010000011101
11101011101100100
11010011110011110
00010010001100101
11010011111111111
11011000100100101
01010001000001110
10000001100011111
11110001001111110
11011111110010111
00000110000101111
01010001000010101
10000101110111110
00100010001010101
11110010110110100
10000111000010100
11110101010000100
11101001011110101
01100110000101100
00011010001111100
10000101011000110
00110000011011101
11000010000000101
11011011011110111
11011010000100110
01100010100110111
10110101111001110
10101011000011100
00111000101010111
00011001010101111
11111010001001101
10010011111111111
10001001100011111
10001001100011111
10001001100011111
10001001100011111
10001001100011111
10001001100011111
10001001100011111
10001001100011111
10001001100011111
10001001100011111
10001001100011111
10001001100011111
10001001100011111
10001001100011111
10001000101011100
00001010000100010
10001010010111110
11011000011110100
11011010100011100
10011010011010100
00100010100001110
00110110110010101
00110000011011111
10110110111111111
10100111110100110
01001011101000110
10101000010100100
11011000011110100
01011100101101101
01011011011111100
01110001111011110
11001100110111110
10011110111111100
11111110101100100
01011100101101101
00010110100010100
00010110100010100
00010110100010100
11001011001010101
00111110010110110
00110001100010110
11010100011000101
10111001110010100
01110010100111101
01100011100110111
01001110111011101
01010100000110110
01101100101001111
01010100000110110
01010100000110110
01010100000110110
01010100000110110
01010100000110110
01010100000110110
01010100000110110
01010100000110110
01010100000110110
01010100000110110
01010100000110110
01010100000110110
01010100000110110
01010100000110110
01010100000110110
01010100000110110
01010100000110110
01010001111111110
10111101110110000
00111000000001011
11000101110101111
11111010000010000
00100111110110111
10100001001110111
00110010110101011
00100110101101111
01100110111101110
01010001111111110
01010001111111110
01010001111111110
01010001111111110
01010001111111110
01010001111111110
00100100100000110
10000001111001110
01111111101101110
10111011000011101
00100011100111101
11001101000011111
11001101000011111
10000000111111101
11001101000011111
11001101000011111
11001101000011111
11001101000011111
11001101000011111
11001101000011111
11001101000011111
11001101000011111
11001101000011111
11001101000011111
11001101000011111
11001101000011111
11001101000011111
11001101000011111
11001101000011111
11001101000011111
11100101010000100
00000101011001100
10000000101110111
00001011011110101
00001011011110101
00001011011110101
00001011011110101
00001011011110101
00001011011110101
00100001000111101
10000000100110110
00000110110010111
00000110110010111
00000110110010111
00000110110010111
00000110110010111
00000110110010111
00000110110010111
00000110110010111
00000110110010111
00000110110010111
00000110110010111
00000110110010111
00000110110010111
00000110110010111
00000110110010111
00000110110010111
00000110110010111
00000110110010111
11010101011111111
00111001101000000
10110011010111111
11011110001010011
11000000000110110
00110100010001110
11110100001111100
10011001100010101
00110000010011111
00001100101111101
11000010010011100
11001010011111110
10001100011011101
10111010001000101
10110001010010101
01100111001010101
00101010011010101
10011010101100101
11100101011101101
01100110100011100
11001000001010101
00011110110010110
11101001011101110
00001010100110110
10110000110101100
10010100000011101
01001100100110111
00000111011111111
10011101000011110
00001111000001110
01000101100011100
00110000001010100
10110101000001100
10000001110011110
10011110110011101
00101001101011100
10100001111111101
01111101010001111
11001001100100101
10111000101010110
10110100001100101
01001100011100101
10001111101011100
00000110110110111
00100110011111110
11010001001110111
01001100100110111
01101001111000001
10001000001011111
00100010100100110
01010010010100000
10000001101111000
11100101000011100
01011100111101101
01111011101011100
01011010000011111
11000100011000110
01010000101100111
10111000101111111
11100001111011101
10010101001110101
01011010111100101
00111000001101110
11011000000010101
11101101101000111
01101010010101111
01101111101001101
11110011101101110
01000100001011110
01011111111010101
01100000101110101
10111111110110100
00000001110110111
01110010011000101
00011001100001101
11100111101100111
11101100001111100
00001000100011100
11101000100010101
11001001100000111
00100010101101101
11000111101011101
00110100110010110
10000101001100100
01101001011111100
11110110001010100
01001100010000110
11111001010011111
01011101000110101
00011000010110100
00011110100100110
01011000011111110
11011001000001111
10110010101000110
10011011101110110
11100110011101111
11011000101101100
01111100011111111
10010100110010101
11001110101101101
01100000000100110
10110000110111111
01010101101011101
00111011101110101
11010011000000111
01101101011110110
11001100101000111
10010111011110100
00110001100101101
10110001100010000
01000010001111100
10100111101110001
11111111100111101
00000001101100000
00001001100100100
00011000010111110
11010001100011101
10001111111011111
11100001000110111
10101011000111111
11111011101111111
10100110010101110
00001101011100110
11000001101011101
01011011100010101
01101011011010111
10010110111101100
01100100010111110
01001000101011101
11010011000011111
01101011000111111
10010100010000110
00100000001001110
11100110000111100
10001010110111101
10011010110111101
11010000100111100
10001110000111100
10011110110111101
10011000110111100
10010010000111100
11010000000111100
10101110010111101
10011000110111101
10010010100111100
01111010011111101
11011000100110100
10110111010001100
10110100100111101
01010100100011101
11010000100111100
11100110000111100
10001010110111101
10011010110111101
11010000100111100
10001110000111100
10011110110111101
10011000110111100
10010010000111100
11010000000111100
10101110010111101
10011000110111101
10010010100111100
01110110100011100
10010000100011110
10100000010010100
11110100101110111
11100010001001100
11111100100110101
01000010000101101
10010010100111110
00101010101111100
10000101000011110
00110110100011111
11111011010111111
01110111110011111
01110010100101110
00000001010010101
01001011011101101
10111010000011110
11110010000111100
01000100010110101
01101000000111101
11100100000011101
01000100100011110
10010100100111100
10111011011101100
01100100100111001
10101101011101011
11001101100000011
01110101111011001
00110100110010011
11100001011110011
00101100000001001
00101100101110011
11101001110100001
10011000111100011
01111100110000011
00100100010110001
10111101101011010
00101001110110011
10001111001110010
10100010100001110
01110100101011110
11101010011010110
00011100000011101
10010111010011100
11100000100111101
11110100100111101
10110101100111100
11011000000111100
10010010010111100
10001010100110100
11100110110111100
11100000010111101
10001000100111100
00001010001111100
11011000101111100
11101110100011100
10011000000111101
10011010100111101
11110010011111100
10001011000111100
10100000100110100
10010010110011101
01001110100011101
01001100101111101
01011010010110100
10001111111111100
11111000100001111
00111000010111101
01011110001011111
01001100100111100
01110000100111100
11000100001110111
00100000110110101
10110110101111100
10110010101010110
11000111101001111
00001100010011110
11011110011001100
01101111010011111
00101110000110101
11111000111010111
00010010100100110
11110010010001111
10101110001110101
11101100101000111
11001100000011111
01000110000010100
01101111010011111
00101110000110101
11111000111010111
00010010100100110
11110010010001111
10101110001110101
11101100101000111
10000101010111110
00101110100111101
10011010010111100
00111111011010101
00100011100011100
11100010010001100
00011101100111110
10101100100101110
11001001000010101
01111111110001100
11110100100011110
00011101000111101
01010100000010110
01011011110110100
10001100011010111
11101011011101111
11101100001001111
00011110010110101
11011110011011100
00010111011110001
11011111111011111
00101110011001010
00101100010111111
00001101111100110
00011001011011111
11110010000011001
10001100110010111
10010110011001111
00000101001011101
10000010110010000
10111111000110110
10010011101001111
01000011000101111
10111000010111011
10001000011111010
10100011001111010
11011110110110011
00111001000010001
10100101001010010
00100100110000000
00010011001010010
11010001011100001
01000001100101010
01100110001101000
11001011000000000
11101001110011010
11101110100010001
00000010110110010
10000101101011001
00000101000000001
00111111010000001
01100011001000011
11011011100011101
11000011100011110
10101110001110110
01100011011010100
01011010010001111
01001101000000100
00001111000101100
11110011000100110
10000000101001101
10110010100011111
10001001001011111
11111100000011111
01110001011111111
00011010110111111
00001101110010110
11111100000011111
00111000000011101
00101000101011101
10010010011010110
00101110011000111
10001100001011100
01011010100010100
01101110111001101
11111110101110101
10101110001111101
11011000100010101
11100110100111110
11000010010111101
11100000101010111
10100111101001110
10100000101111111
01011111001010101
11100100100010101
10111101000110100
10010011110110101
01010000010000101
11011100100011101
11101101101011111
11111000001111100
11011000100111100
11011011100011101
10010001000100101
10000010100001101
11000111101010101
10110100100110110
01001110011100111
11010101001100101
01001111011010111
01000010101110101
10110101111010111
11110111101010111
00101001010101100
01100000100111111
10111001101000101
10010001110111100
11110110101010101
01100010000001100
01010011111011101
10001101010111101
10111011110111100
11001001001111100
10001110100100100
11011111101111111
11101000100111100
01100010000001100
01010011111011101
10001101010111101
10111011110111100
11001001001111100
10001110100100100
11011111101111111
11101000100111100
10101000110100100
11100110100001111
11111100000001100
11001001010011100
10111110010110110
10010100110111100
11011111000101110
01111110001111111
01011011110101110
01100000101111111
00100001100111111
01011001111100100
01011111110111000
10010010011111011
11101001001111010
10010001010110110
11101100101101101
10000011100011100
11110010101011101
00101011000100101
00000010111010111
00111000111100110
10010100111001101
01111001101011100
11000110000010111
10101110110100101
00111000111100110
10010100111001101
10100001001011110
01110011010111100
10110011001001110
01100010010000111
10011001011001111
01101010101011111
10101011111010111
01101001100011101
11100000111111111
10100000011110100
01111011101110110
11101001111101100
01111111101111110
10000011101011100
10001101010101101
10100011111100100
01000011100101101
11100010100001100
00010111100010101
10111111100100110
10100101000011101
10101101000101101
01011110101111110
00001101100100111
10111000110101101
11110000001011101
11001000101011100
00010101101100101
00100000011001101
01110010001111111
00001110010110111
11011001001001100
10110001100110111
10001001111011100
11101000101011110
00000111011011110
11100001000001111
10001101101101111
01100000000010100
01101011001011111
11110010100110100
11100101101101101
11001100100110100
01001100000000101
01000001111110110
00110010101000111
01110110010100110
01000100101010111
00010110111010110
11110010011111110
10111111001111110
10011110011010110
01100101000100110
01011010110011100
00000110100101110
10111011000111111
00000010010010101
11101110100011111
11111100000011111
00000110011101100
10010111110010110
10110110011011110
11010001100010100
11000001001100101
00000010100110110
01100010000100110
10111100110010100
11000001001100101
01110001100010101
10001101110000111
01100111111100100
11110110011100101
01111001001110110
10000100110000101
00001000000100110
00011111000000111
11101100101100110
01111101101100110
00010001011000100
10110001100110110
11010011100110101
11100101100010111
10000011101000111
00011111000000111
10011100001111100
11001001001111100
01101010001010100
11101001011011101
10111101000010101
01100000111001111
10100010101011100
11011111001011110
10111000010111110
10100101000011110
01111000100111100
11110110010000110
10001110010101110
11100010100001100
00010111100010101
10111111100100110
10100101000011101
10101101000101101
01011110101111110
00001101100100111
10111000110101101
11110000001011101
11001000101011100
01001110101111010
01101101000011100
10100101000011111
01000111100111110
11010000000111100
10101110010111101
10011000110111101
10010010100111100
11010000000111100
10101110010111101
10011000110111101
10010010100111100
01011010011111101
01001110101110101
11011101010001100
01110100000110101
10100111100000101
00000101100000101
01010101000001101
11010000000111100
10101110010111101
10011000110111101
10010010100111100
11010000000111100
10101110010111101
10011000110111101
10010010100111100
11010000000111100
10101110010111101
10011000110111101
10010010100111100
11010000000111100
10101110010111101
10011000110111101
10010010100111100
01001110101111010
01101101000011100
10100101000011111
01000111100111110
11010000000111100
10101110010111101
10011000110111101
10010010100111100
11010000000111100
10101110010111101
10011000110111101
10010010100111100
01011010011111101
01001110101110101
11011101010001100
01110100000110101
10100111100000101
00000101100000101
01010101000001101
11010000000111100
10101110010111101
10011000110111101
10010010100111100
11010000000111100
10101110010111101
10011000110111101
10010010100111100
11010000000111100
10101110010111101
10011000110111101
10010010100111100
11010000000111100
10101110010111101
10011000110111101
10010010100111100
01001110101111010
01101101000011100
10100101000011111
01000111100111110
11010000000111100
10101110010111101
10011000110111101
10010010100111100
11010000000111100
10101110010111101
10011000110111101
10010010100111100
01011010011111101
01001110101110101
11011101010001100
01110100000110101
10100111100000101
00000101100000101
01010101000001101
11010000000111100
10101110010111101
10011000110111101
10010010100111100
11010000000111100
10101110010111101
10011000110111101
10010010100111100
11010000000111100
10101110010111101
10011000110111101
10010010100111100
11010000000111100
10101110010111101
10011000110111101
10010010100111100
01100100001101110
00110001101101101
10010101101000100
01101110010011100
10110100101111110
01110000000101110
11010101101011101
10011100000011101
00000101110101110
11111011000011110
11111011000000111
10000101011110111
10100101101010110
11111011000110111
11100111101110111
00000110111011110
10101110001011110
00111011100000111
00000010100000110
01010010000010111
10000100111101111
01001100100010100
10110010010010100
00010000110010111
00110110111111101
00010110100010110
10101000010000101
10001000101001111
10100010110101111
11100001001100101
11011010001110101
11111101111001110
01000010100010111
10001010010000100
00010010111110100
00100001111100100
11001011011000110
00010001111100100
00000101000111110
01001111111111100
01111100001111100
10000010000010100
00000010111001111
10100110100001100
11110011001001111
00011011111101111
00111001010101100
00111100111110100
01101100101111110
11111110000010111
01010011010000100
10000100011010101
11100110011010111
11111011010110111
11100110010110110
11100110110011111
10010000100001110
11001011001101110
10010100001010110
10010111011010110
01101010011000111
11010110001001101
10100100001101101
10000101011010111
11010000001101111
10010010101011111
10011101011010111
11110010010001100
01011010111110110
11110000100101110
10110111100011111
00110110101011101
10000011100010110
10011101000011100
00100000001110101
10010111011100100
10111110011010100
01011100011100100
00011111010000110
01000000101110110
01101010111100111
11000001101100100
00001100010110100
10111101001101110
11110110110000001
11101111111110100
01011010011111111
01011110011100111
01101001100001101
11011000111100111
00100011001110110
11000101001101101
10000101011001110
00000011000100100
01001010101111100
01000100110010110
01000010011011111
11001011010111110
11011011000110101
11100001001011110
01110011111011110
10111110010010111
10001110000110111
11010001011010110
00010010111011111
00011000001010110
11110101110000110
00101011101010111
11010001110111110
11011000010010110
11000101011011111
10010101001101111
00000101001010101
00111100100011110
10101111001111101
10100100100011111
11100001101001111
10011000110111110
01001011011100111
11110101100011110
11010000001110111
11111010001110110
01111100011111111
01011101010011010
01001111011110100
01010010000011101
01110001100111001
00000001111001001
00011101101010001
10111101010001001
11100101011001111
01000000101011000
10010100000101000
11010110010011110
01001111011010101
01111110100000001
11000010001011110
10110011110011001
10011000101100101
01010100010111010
11101101100100011
00100011001101001
01111011001101011
01001001000001011
00001010011100000
11101001010100101
00110000010100010
00111011110010001
10011110010011001
10111100100110011
00001011110111100
01100100101111111
10100010111101101
00001110110000101
01111110100000111
00001000001110101
01111100011111111
01011101010011010
01001111011110100
01010010000011101
01110001100111001
00000001111001001
00011101101010001
10111101010001001
11100101011001111
01000000101011000
10010100000101000
11010110010011110
01001111011010101
01111110100000001
11000010001011110
10110011110011001
10011000101100101
01010100010111010
11101101100100011
00100011001101001
01111011001101011
01001001000001011
00001010011100000
11101001010100101
00110000010100010
00111011110010001
10011110010011001
10111100100110011
00001011110111100
01100100101111111
10100010111101101
00001110110000101
01111110100000111
00001000001110101
10111011111101100
10001001000111100
01010100101001111
01100101010111101
11001100011001000
00111000100110110
10001100101010101
01110001110001111
11100001111101101
10100001000011100
00100000111011110
10110111111000101
01000111001111110
10101100111011001
10000100101111101
10000101101110101
11001100011000110
01110111110000101
01101110110010111
00111010011011110
00001101001111100
00010110110010100
11100001010010110
10101110001011110
10001001101000101
10111110110110111
10000010011000100
00111001011100101
11010000100010100
00111111011100110
10100110011101101
00000100100101100
11011000001101101
00111001100011111
01110010110110111
11101001011010110
00011000101101100
00110010010100100
10010001010111111
01001110010111101
11010111100010110
01000101010001110
00001101011111001
01001100010000001
11011111011000011
00010110100110010
01100100000101100
00111000000111110
00011110110001001
10111100000011100
11110100100010100
11100001100001111
11010111101011101
11100001111001110
10101000001001100
11111101011101101
10000110000001110
00000011011110101
11101100100110100
00111111100101101
11111100001000101
10111101110101100
10111111100010111
00110111011110101
10111010101110101
01010101010001101
11001101100000101
10101111101010111
01000000000111101
00111000000111100
10111111001000100
00100000001001110
11100110000111100
10001010110111101
10011010110111101
11010000100111100
10001110000111100
10011110110111101
10011000110111100
10010010000111100
11010000000111100
10101110010111101
10011000110111101
10010010100111100
01111010011111101
11011000100110100
10110111010001100
10110100100111101
01010100100011101
11010000100111100
11100110000111100
10001010110111101
10011010110111101
11010000100111100
10001110000111100
10011110110111101
10011000110111100
10010010000111100
11010000000111100
10101110010111101
10011000110111101
10010010100111100
01110110100011100
10010000100011110
10100000010010100
11110100101110111
11100010001001100
11111100100110101
01000010000101101
10010010100111110
00101010101111100
11000000000111011
00011101101010010
01011110101000000
01011111111110100
10100111001011010
11110101000000010
11010001100000000
10101000000001000
11001111010111010
11010011001100000
11111101110011110
10000001010011111
01011111000011010
11001011011011011
00100001100001011
10001101101101000
01010010000010010
10010110010011000
11000010010010101
01000101111110111
01010011000101010
11010110010000101
01111010111011111
10110111001011001
01101011101010000
00010110011001001
00011000001001010
10011010000010001
10111011111111000
00111011010100010
01011110011001000
00100111001011000
10010001010001001
10000001111011000
00011100001010001
11111111001101001
00101010010111011
00000101001111111
11111111000100111
11100011111010111
10100100000111100
10011100010111101
10010000110111100
10011010011111100
01011010011110101
01011110000010101
01010100010110101
00100101000100101
10000101100000101
00010101000000101
01010001000111101
10100010010111101
10101010110111101
10011010110111101
11010010000111100
11111000000111100
10101000110111101
10011000110111101
10010000100111100
11101110010111101
10111010110111101
10010000110111101
10010000000111100
11101010010111101
10001100110111101
10011000110111100
10110010010111101
11011010010111100
11010100000111100
10110110100111100
10010000100111101
10010010100111100
11000010010111101
10001000110111101
10011010100111100
00111010100011100
00110010110011101
10001100011101110
01011010000110101
10111011111101100
10110010111011101
00100110000010101
11111110101011110
00110001100111110
10110001000111100
11010001100001111
01010101101010110
11001011101001100
01100001000100110
11111100011001100
01011111000100110
00100000001111110
01101000100110111
00011011001011101
10110000001011100
01000100001000100
01010001100001111
11000100100110101
01101001000110110
10010100010110111
10010111101100100
00111001000100110
11011001100100100
00100100001100110
01111011100010110
01000011000110100
10101100001011100
11001000001110111
00110110111011110
01110110100011110
00001100100001101
10001100000101101
01010111000101111
01011110101011111
10101101001001101
11110101100110101
11011000111111111
00111011100111100
10001010001010111
01000010111010110
10111011011101101
10101001000110111
11010101110010111
10000000101001101
10110010100011111
10001001001011111
11111100000011111
01110001011111111
00011010110111111
00001101110010110
11111100000011111
00111000000011101
00101000101011101
00010001110111110
11010000000111100
10101110010111101
10011000110111101
10010010100111100
11010000000111100
11100110000000101
11110100011000101
00110010110101111
10000000000111110
00010100100010111
11011100111101110
11101100100111111
10011100101011100
00100011010111100
01100111110101101
11011010011001111
10010000100011100
11110100011000101
00110010110101111
10000000000111110
00110010101111111
00000101101011111
10110001110110100
11110101101111111
00011100101111101
10001100101110110
01010011101011111
01101010101011111
00001100000011110
00011011101110110
10001010011000101
11111001111101100
10100100001000001
10100010011101010
10110101110111111
00011010010110001
00011011101100010
01011100101110000
00110010110001010
01111000111010100
01101100011110011
00000010111011010
01111111101011000
00010001100111000
00000100010111011
01000000100000000
11000100110100011
11011100111110011
11010000100011111
00001111110101011
10101001100010001
00100110100000011
01011010001111001
01100101101111010
01100110010001010
00001011111000000
11100101000111010
01110010001000101
10011011111011001
11101110001110011
11010111111101011
01011100101101011
11111010101010011
01100000101000011
11010001001101011
11110011101111001
10100111101101100
00110010001011001
10011001011110001
10101111011001111
11110001011100111
01110010011110111
11001011100111111
11111100110110100
00010101101101101
01001100000011111
11100001001100111
00000001101001111
01100010001111100
00101010011111101
01001111000101101
00010000110011100
11001011110001110
00010101010111110
10100010001011101
00110000011111111
10010010101001110
11100101011111111
01010011001001111
10011001010110110
00010101010111110
00010100000110101
11010100001101111
00001010000110100
10000000111100110
10111010001101101
00110011100011001
01000010010100010
01110011001000011
11011101011000111
10010110111100111
01100010000001010
00111100010111111
11001110000001001
11100101001110100
00001000100000111
01010001110000010
11111111111001100
01010111110011110
11101011100001101
10100110000101110
11100110101000001
10101101000001011
00111011110001011
11110001000001001
01111101100011010
00110101011101011
11010111010011011
11010111000110010
10010101101001010
00000011010000010
10110100001001000
11100110101111110
00110111110100001
10111000111101000
01000100000101010
11100001110011010
11101011010111011
11100110000001000
00011100011100011
00111101110010000
00110100001101000
01011000101100011
11001111111010010
00010001100010001
00000100111011001
10100100110011001
11011000101001001
10001000111111001
01110010111000011
11001000100010011
11111110101000100
01101110000000010
01111000110101001
11011000010101000
01010011001100101
11001110010111110
01001110101110111
00101000101001111
11111011000011111
00001010100011100
10110100101011100
00001000000010110
10111010110011101
01011100000111110
00110010100000101
10000001100001101
00000011000101101
11110110101100101
10101000011001101
11111101000111101
10100010101001111
END
