8
00000000
11110101
10011110
10001110
11100100
11011011
11101100
11010011
10110011
11001111
10000011
11100111
11110001
10011000
11110010
10011100
10010010
11110001
11011101
10111101
11011000
10010000
11001001
11000111
10001000
01100001
01100110
00110000
10111001
10010001
11111100
00010111
10110000
10110011
10100111
10010101
10100011
11001110
11110010
00010111
10110000
10110011
10100111
10010101
10100011
11001110
11110010
11010111
10110000
11111010
11001101
11011110
11111111
01100011
10110001
11011110
11011010
11010101
10111011
11100000
11101110
10101110
11011110
10100011
11110110
11010111
10010100
10110101
11110111
11000010
11101010
10001100
11010010
10111010
11111111
11010111
00010100
11110011
10001111
11100010
11110010
11110100
11100010
11101110
11001101
00110101
01011011
00110111
10101100
10110001
10111111
10100110
10010101
11011011
11001110
11010010
10110111
10101000
11001100
01011001
10100011
11110010
10000011
11000010
11001110
11011010
11111010
10010001
11111000
10110000
11111100
10101100
11001110
10110000
11101001
10110011
00100100
00111100
10111110
11001000
10111100
10011100
10110011
10110001
10110110
10011100
10001110
11001010
10101001
10011100
10111011
11111101
10110111
10101100
11110001
11000000
11110010
11011000
11011000
00000000
11110101
10011110
10001110
11100100
11011011
01010110
10111011
11010100
10101010
11111111
11000101
10001101
11111010
11011111
10101100
00000000
11110101
10011110
10001110
11100100
11011011
10111111
10110001
10100110
10010101
11011011
11001110
11010010
10110111
10101000
11001100
10110101
10110010
11111110
11011111
10000100
11100010
11011111
11111100
10100111
01001000
10110111
10101000
11001100
10110101
10110010
11111110
11011111
00101100
10110001
10111111
10100110
10010101
11011011
11001110
11010010
10111100
11011111
00001001
11110000
11111010
11010101
11111111
10111110
11110011
11010011
10100111
10110000
10101101
10010100
10011000
11101111
10100001
10001010
11011100
10101001
11100001
10001110
10010111
10001011
11000001
11110011
11000101
11101111
10010010
11100101
10101110
11010101
10111010
10111011
10001111
00010010
10100110
11110011
10100111
11000001
10100111
10110000
10101101
10010100
10011000
11101111
10100001
11011010
11111010
10010001
11111000
11110010
10110001
11111100
10110100
11110011
10100111
11000001
10100111
10110000
10101101
10010100
10011000
11101111
10110001
11001111
10110010
11111110
11011111
10000100
11100010
11011111
11111100
11110001
10111110
11111000
11101101
10111101
10101100
10110001
10111111
10100110
10010101
11011011
11001110
11010010
10110111
11100100
11111111
11111100
11000001
11110100
11011011
10000110
10010100
10110001
11011001
10000101
11101100
11010000
11111001
10101100
11101101
10101110
10000111
10011010
10110001
10111100
11000111
11010101
10010101
11011011
11001110
11010010
10110111
11100100
11111111
11111100
11000001
11110100
10000101
10110010
11000111
11010101
10010101
11011011
11001110
11010010
10111011
10110010
10100100
10110101
10110110
11101101
11001001
11010111
10011001
11000000
10100111
11101000
11011011
11111001
11111000
10101000
11100111
10101000
11100111
00010001
10110111
10111110
11000100
11101111
11101111
10100011
11010001
10100011
11010100
10010001
11101100
10011100
11110110
11101010
10001011
10011001
10000000
10000000
11110010
11110010
10000101
10001100
11001010
11010011
00001110
10111110
11000100
11101111
11101111
10100011
11010001
10100011
11010100
10010001
11101100
10011100
11110110
11101010
10001011
10011001
10010011
11001111
11101010
11010010
11110011
10110110
10101100
10111110
11100111
11110001
11101111
11101111
10100011
11010001
10100011
11010100
10010001
11101100
10011100
11110110
11101010
10001011
10001101
10110010
10110010
11100001
11100111
10110110
10111011
11110100
10011101
11100100
10111000
11000010
10001100
10000101
10110010
11010100
11000111
10101000
10111110
10010100
10010111
10001011
11000001
11110011
11000101
11101111
10010010
11100101
10101110
11010101
10111010
10111011
10000001
10000000
11101111
11101111
10100011
11010001
10100011
11010100
10010001
11101100
10011100
11110110
11101010
10001011
10011001
10000000
10001010
10110010
11101100
10011100
11110110
11101010
10001011
10011001
10010011
11111101
10000000
11101111
10100011
11010001
10100011
11010100
10010001
11101100
10011100
11110110
11101010
10001011
10001101
10110010
10100101
10000000
11011101
10000111
11010011
10010110
10100011
11010001
10100011
11010100
10010001
11101100
10011100
11110110
11101010
10001011
10001101
10110010
11011111
10000000
11010011
10010110
10100011
11010001
10100011
11010100
10010001
11101100
11010100
10000000
10001011
10011001
10010011
11111101
10000000
11101111
10100011
11010001
10100011
11010100
10010001
11101100
10011100
11110110
11101010
10001011
10001101
10110010
11011100
10000000
10000100
11100010
11011111
11111100
11110001
10111110
11111000
11101101
10111101
10110010
10000000
11010001
10100111
10110000
10111101
11010100
11011001
11101100
10010101
10001010
10000110
11010111
11011111
10001010
11100010
11010010
10111010
10110001
10111110
11111001
11011000
11011100
11000001
11101001
11001111
11011101
11010011
10010110
10100011
11010001
10100011
11010100
10010001
11101100
10011100
11110110
11101010
10001011
10001101
10110010
11100000
10010001
11101100
11010100
10000000
10001011
10011001
10010011
11111101
10000000
11101111
10100011
11010001
10100011
10110010
END
