8
00000000
11110101
10011110
10001110
11100100
11011011
11101100
11010011
10110011
11001111
10000011
11100111
11110001
10011000
11110010
10011100
10010010
11110001
11011101
10111101
11011000
10010000
11001001
11000111
10001000
01100001
01100110
00110000
10111001
10010001
11111100
00010111
10110000
10110011
10100111
10010101
10100011
11001110
11110010
00010111
10110000
10110011
10100111
10010101
10100011
11001110
11110010
11010111
10110000
11111010
11001101
11011110
11111111
01100011
10110001
11011110
11011010
11010101
10111011
11100000
11101110
10101110
11011110
10100011
11110110
11010111
10010100
10110101
11110111
11000010
11101010
10001100
11010010
10111010
11111111
11010111
00010100
11110011
10001111
11100010
11110010
11110100
11100010
11101110
11001101
00110101
01011011
00110111
10101100
10110000
10110011
10100111
10010101
10100011
11001110
11011010
11000110
10010000
11000100
01100101
10100001
11110010
10000000
11101110
10000110
11101100
11010010
11100111
10111010
10101011
00101011
10111101
10101011
10011100
11010011
10110101
11011110
10111000
01111011
00101110
11011100
11111001
11110011
11010100
11111010
11000101
11110011
10001010
01001100
11110100
11011011
10110011
11111011
11000110
10000011
11110110
10110111
11001011
10111010
10010011
10011101
11100011
10110000
11000111
11111111
11101100
11111101
10110001
00111011
11111110
10001101
11110100
11101100
11110011
10100001
11011100
10111110
10110010
11001110
11111000
10111001
11010000
11000010
11100111
11111100
10111010
10000110
11001100
11101000
11110010
10010111
11111111
11000111
11110000
11011111
10101100
10100011
11111110
10111010
10110010
10011111
11110101
10100011
11110110
11010111
10010100
10110101
11110111
11000010
11101010
10001100
11010010
10111101
11011110
11000011
10111100
11001001
10110010
10110110
11110000
10111001
10111100
11111011
10111110
11000001
10110111
10011101
10011110
11000010
10000011
11110111
11111100
11011000
10111100
10110000
10110011
10100111
10010101
10100011
11001110
11011010
10000001
11111000
10111010
10110010
10011111
11110101
10100011
11110110
11010111
10010100
10110101
11110111
10100001
10111100
10011011
10011011
11110110
10000100
10101111
11000101
11110100
11111100
11110000
10001100
10010101
10000000
10001000
10010000
10011001
11111110
11100110
10111101
11101111
11101010
10100100
10001110
11001000
11010010
10010111
11101001
10000110
11110110
11111001
10110000
11111010
11101111
10001110
11011000
11101111
10000010
10001000
11111101
11011011
11110110
10110011
11011011
11110001
01010000
10110000
01111010
11110111
11000010
11101010
10001100
11010010
10111101
11011110
11000011
10111100
11001001
11110001
11011101
10111101
11011000
11110001
11110100
11110001
11110100
11110100
11111100
11110000
10001100
10010101
10000000
10001000
10010000
10011001
11111110
11100110
10111101
11101111
11101010
10100100
10001110
11001000
11010000
11011110
11010000
11000010
11100111
11111100
10111010
10000110
11001100
11101000
11110010
10010111
11111111
11000111
11110000
11011111
10101100
10100011
11111110
10001101
10000000
11111100
10111000
10010010
11111011
10111110
11000001
10110111
10011101
10011110
10010101
10000000
10000000
11111111
11011000
10111000
10111011
10010101
11101001
11111101
10001100
10010101
10000000
10001000
10010000
10011001
11111110
11100110
10111101
11101111
11101010
10100100
10001110
11001000
10100100
10000000
11010010
11100111
10111010
10101011
11100010
10000000
10100100
10001110
11001000
11010010
10010111
11101001
10000110
11110110
11111001
10110000
11111010
11101111
10001110
11011000
10100101
10000000
11001000
11010010
10010111
11101001
10000110
11110110
11111001
10110000
11111010
11101111
10001110
11011000
11101111
10000010
10011111
10000000
11000011
11010111
10100100
10011000
10111000
11110111
11000010
11101010
10001100
11010010
10111101
10111001
11111110
11111111
11011000
10111000
10111011
10010101
11101001
11111101
10001100
10010101
10000000
11101101
10000000
10110010
10111111
11000011
11010111
10100100
10011000
10111000
11110111
11000010
11101010
10001100
11010010
10111101
11100100
11111110
11010000
11011110
11010000
11000010
11100111
11111100
10111010
10000110
11001100
11101000
11110010
10010111
11111111
11000111
11110000
11011111
10101100
10100011
11001000
11111110
11110100
11111100
11110000
10001100
10010101
10000000
10001000
10010000
10011001
10111000
11011110
11111100
10111010
10000110
11001100
11101000
11110010
10010111
11111111
11000111
11110000
11011111
10101100
10100011
11111110
10111010
11111000
11000111
11110000
11011111
10101100
10100011
11001000
00000011
11111101
10001100
10010101
10000000
11101101
10000000
10110010
10111111
11000011
11010111
10100100
10011000
10111000
11110111
00010010
11111110
11010000
11011110
11010000
11000010
11100111
11111100
10111010
10000110
11001100
11101000
11110010
10010111
11111111
11000111
11110000
11011111
10101100
10100011
11001000
00100000
END
