9
111110010
001010000
000111100
010111000
010111000
100011011
011001111
111101101
010000000
010100010
100110010
110100100
110100000
100000101
111110100
100010000
010010000
111010110
011111101
011101001
011001111
010101010
011011001
011011001
001011100
101011110
110001100
011101111
000100100
001110111
001011100
001011100
001011100
001011100
101001101
001111111
010000110
001001100
000000011
010001010
101001101
001111111
010000110
001001100
000000011
111110001
111111001
111101110
111110011
101111001
001100001
111011101
001010010
001101001
001011011
010000001
010101011
111100001
110110111
101110001
011100011
000000110
010100101
011010111
011010011
010000011
010100110
000101101
110110011
011100110
011011011
000111100
001001110
010011010
101101111
011101010
011101011
011111100
000101010
000110000
111111010
011111011
001101010
011001111
000110100
000110000
END
