35
00000000000000000000000000000000000
10100011101001011101110100111100001
10001101111011011011101001000011000
00010010001001000011000011000001000
10011110011101011111110000011010111
10011010011100100011101100100011011
10100011010001110110101000000111101
10101010110000111011100011100011101
10100000110001101111110001000011101
10101111100010111000111011111100001
00000011010011001010110010001011011
10101010011011010010110111101101010
10101101111011100010000110001100110
10101000001001010111010011010100111
00101100100000001110000100110011110
01100111000010010111110011001101000
10100010111001000010100000100000001
10001000010111010111110100111000010
01000011101010000011101011010000110
01101011100001111010100001100011011
00111101101111000100011010010111011
01111001101000011011101011110010101
11100011111100010111111111000101010
00101110001100010010011000101001111
11110110110001101001110100000011100
01100110011110011010110100001000010
10110101000010011010000010110010111
10111000011001111011011000101110001
01111011100011110111111111000000100
00111100100101110000111111111011000
10110011010110011000011000111100001
10111101010010101110110111110101101
10001111111010011101010111000000110
00100111011101100000111111100011001
01001110011001010111100000001100111
00100111011101100000111111100011001
10010111011101110000001111100110101
00011111011001110011100000100100111
00001110111011011110110100111000000
00110111101101001001100101110111000
01001101011000111110010110001001110
00110001010110101000011110110111001
10001101010000000110111010100000100
10101110110011111000111010011101100
10111010010011110111110100111001011
11111011111000111111111100101000011
10001101110111011001011010100011000
10101111100111101001001110000000000
10101110110011001011000110100100111
11101100011111001100101000001110100
00010010010010011010010000111001001
10101110110011001011000110100100111
11101101010111101010100100101111111
00001010110101000111110100001010111
01111111001010111110011011000010011
10001101100101001010111111011111000
01110010101000111111000000101001011
11110111100111000000011100111100100
00001110111101100000111100001101011
10101001110001111100011100111100001
00000100100001000000100001001010000
10100111110010001000001111010100100
10010111111101110101110010100000111
10110000110011100001101011001101110
00100110110101001011111111011101111
10110001110110011010111000101111010
00000101111101110001111010011101010
00100000010110011010111110001111001
01011000011101110111000001110001010
11100100010010111011101001011000000
10101101010101111110011000001101001
00101011111100011111010000101001010
00101100100001000101000011111100100
00101101100110111011001100000001100
00110100101000100000001001000011111
01001101010100010101001101110001110
00101011110101101110110001100010011
00110010101000110110011010010001101
01001100010001111001101011101111001
01000101110111111101001111101010110
11011000100001110000000001010110000
11011100000101000000001100001011000
00010011011110011001001001001011110
10100101101001111110011000101011000
10101100100000110111011001010001110
10111010100001011001111000001000011
11110000010110100010111101001101110
01101010110110011001111110100111001
10111011111110001011001101010010001
00101101011111111001011101010101101
00111001100111001111111110110001100
10100101000110001101110011101110000
10101011110001100101111000111111010
00101100011100110100000011101100101
01101110110001110011000101110000010
00000101010101101011111010101100010
01110010101000111111000000101001011
11110111100111000000011100111100100
00001110111101100000111100001101011
00111001100011110010110010010100001
10011101010110100101010000100011001
00001111110101100010111111110001000
00100110111000001111111100001101100
00110101110011001001011110101101000
00101100011001110010111011101110111
10101111100111101001001110000000000
10100000110001101111110001000011101
01101010011010101000100100010110011
11101000001111010100101010100000110
01001101110000001001110011110111011
00101101101100111111011100101010000
10111101010111101001001110101110010
01001100111100111001001010100010110
11110111010000000001010000000111000
10111011010011100011001000111100101
01110100110011011001110011000001000
10101111000000111000110101011110100
10001101111010100110111011100100011
11110111100111000000011100111100100
00001110111101100000111100001101011
10101100010100011100111010100110100
00101010010101001110101001001110110
00111100010011000110010111101101011
11110110001000000011010110011001001
10101010000100010001011000111111110
01100010111001000001010111100010010
01101111010000111000011110101101000
10101111011010101001001110010011000
00100011001000010101110111111111000
00101010111001111111100111001111101
00101010011010100011111111001111001
00111100010010101111110001101111111
00001110111011101010101100110101000
10100000100110011000100011000101101
11110010000000111011111110010111010
01001110111111001101010011010011101
00101110011000111101111100010010100
00100010001010100100011110000111001
10100001111000010100111111000010000
00101001011101110000111011000000001
10100111011011000010110111000110001
00100000011110011100101110000111011
00110101000111111110011111011010000
00111101011000011001011101011101000
10110100100001101000010111000110100
00110011101111111000010111110010100
00110011111111110111100100010001000
00111100010111110100110110111001000
10000111001110010110110110110111101
00110110110101101000011111001000011
10000101101000010001101110100111101
10101011110001111001111000100000100
10100011000100101011101001111110101
00001011011101110110111011111000101
11110001101101110101100111111011011
11111111100111110100111100001011000
00100111111100101000111111100011001
10101001110010000001100111111011000
00111000110010111111001000101110111
10110100111110001100010001011100000
00100001110011010110011111011000100
10100010111111110011101110011001110
10111011101100011100001111010100000
10011010111010110110110110000011010
10111001110011010100111100100011010
10101111101000111100111011101110101
END
