35
00000000000000000000000000000000000
10101001101110011001100011000010000
10100011110001111111011110111110100
10111110001010101100001011010010000
10101000110101111011000100000101100
00101101001001000111100001011001000
00111011100010100000000100111011011
10100111010110100011011011000101111
00101100111010000001110110110001110
00101011011100001100001001011000110
10101001001011001110110010101001000
10101010001000010001010011101000111
00100000110011011001000011001110100
10111100100101011110111100000000110
10000111110100000000100011111101101
00001001011001001110100100011001111
10001011111000010000010101010110101
10111110011001100110010111010100111
01100100001000111111111100010000001
01100111111000000110110010011100100
00111010010111101000001000110110110
01010011101001111100011111001011011
10010010010111011101110111001010001
10101111111011010110010000000100110
10001111010110001010101111010100011
10001100011001101111011011100111100
10001100011001101111011011100111100
00100011001010110111101011000100101
10101111010101101111111010000110001
10001101011111010000110100111111111
10011011010111110000101100101011101
00110110101010101011110101100011110
11010101101101110010011010011001010
10010101000011000100110000010101000
00010110011100001010011001000101100
00110010001110101101000011011100000
00111111000011101111110100010100111
11100011110110001010110111001100001
01110111110010010101111110001111001
11100011000010011000001011011100010
10101010110000001111100110100000111
10101010110000001111100110100000111
01111110010101100010001000100000111
11001110010010110110100100000111111
11000001111000110001000001011010011
00100110010001111101110010111011111
01000110111000001111100110000111011
10100111000101010101110111001011010
11001111010010000101100100101100100
10111010000000110111111011010100011
00001111011000100110011100001101000
10100011000110001000010111001101111
10110000100011100100100110000111001
10101110010100101011100110001011110
10110000000110100011111000000010110
01101101100010111100010100101001101
10000100111101101000011101101100110
10101101001100000110110001100010000
10010110111110010111100101111011011
01111001001111011001111110101100010
00000111111000001000110011000011111
00110001000010111000111001111010110
00101011101010101111111011100000100
00001101111111111000111001011001010
00011010111001100010010000000100001
10110111100001000110011010001010100
11000001110110000001111110100100010
10101011101111111010111100001111101
00101101010011000110010000010000000
00011111110111000011000111111101110
00111110100111001000011001001110011
11000100111110110110011011000110010
01010111110000010110001000101001111
11101100110011000110010011101111010
10101110101100111001111100101100110
00000111011111000010111100111010010
10110111101101011111111101101111011
01110000011110111001001000100010110
11100100111010100010111110011000001
11101111100000111110010000010010111
01101111101010001010111111110011110
11001001111101010000110010100010010
10010100000001101100000000110001100
11010101101100100010101110110111100
11011001111101000100111010010100010
10001110110101010111111001000111100
00101001001110111010111101100100000
10011010011110011100110000001110110
00101010011100011001000000001111100
01011011000100010000011000101001100
01100110101011010000001100011000110
10110110111110110000111010001000111
10100111011001100111111100000111010
00100101011110111011000000111110011
00101110101011101100101010000101001
11111111110110010001111000000110101
10100010101110011000111001110110100
10110011110101000000100101111001110
10101010010110010100010000011011100
10011000100001000011010000000100111
01101010101110011001100010101111100
11100110010111000010111100000110111
11101111101010111110101110110011001
10001011011101110000101100110111010
01001001001001001100010101111000011
01010101100101111110111110001000110
01010010000111101100001101010011111
00011011011110101101010000101001011
11101101001101010100111011011111111
10000100011100110000011000011011011
10100110010010110111001110101000001
00000100110110001101011010000001010
01111011110101001010101011011101110
11101011101110010111111011000100111
00110001010110100101011001001011011
10101100000011100000111100110000101
11101101110100000111011011111010000
00100111110111110100101111010111000
10101111110101101110110010001111011
11110011101001000101101000111010000
10101110000101111000100100111011010
00101101100000110001001111011101101
00101101110100010001011101100100101
10001111111100100011111001010111110
10101000100000010011111011010011001
01101010101010100000011001111111101
11111000001001100000101001111110001
01101101001010101101011101001000101
10100011001001000011011111000100111
01001100011100001011101001110011110
10110110001111011001010010000111011
00111100111000000100110111110011100
10100000011011011100100011011101100
10110010110001010001100001001111001
01101101001000001010110100100010111
00101010011001101000011010011000110
01110011000111100111111111111001000
11100000001000100010111001000010010
00100101011111111011011011100111011
10111101001010100100101011010001110
01101010100011011110100111100001011
01100011011001000110100011100100001
10101010011101100110110011011100000
01110110011010100100111111100101100
01111111101101010000111101111000001
11111111011001011010111000110111110
00111001111111011000110101100000111
10111101011000110011111000101111101
10110111110101010110010010001011110
00111001100011111111001010000110101
00001101101001100110001010110100000
11011101011011101111001001011010110
00011001001111100001011010110111110
11001010111010011110111011011100000
10101111001011011011101100001001111
10100110000100000101111010011011111
10100010011000100001011101000111011
10111000110110111100100000111101010
10100000000111010010001010111100001
00000100110001101110101001100011111
10110010000111000111101001000101010
00100100001101001011001111010000101
10001111110001011010110101000111111
11010111011101011110101001101100000
01000010010101111000110100100101000
10100110101111110111101011110110110
10110110110011111111010000100011100
10110100111111111010011100010000100
10111011100100010010001001110000000
10001100101010111110100001100110100
01011101001111101101010001001010001
11110010001010101111110000101000010
00110101010101001111001110100001100
11110000111010101100001010101111101
10100110001110110011111110010100110
00100111101011011101111010010111111
END
