18
010100011011011001
101011010110110110
110111111111100010
101000001111000100
101001100011100000
101110110000101111
010100000101000101
101010010111001101
111100011010101100
011011001100010101
011001000010101011
110101001010100101
001001100000100001
100001110011110101
001011111011001111
101010010110110000
001010111110110110
011100011011101000
110100100110001100
001100110110001000
100011100000010110
010000110011111011
000111010101101010
001000010010001100
111011100000001000
010010011110100010
001001101010110000
100100101101101101
001111100101000000
001011010110101100
001011010011111101
000000100111001000
000001010101000010
111100001110111100
100110000001001011
110010000111001111
011000000110101110
001111011111010110
001010111101000100
011001110000111000
001001101000011000
110011001100111100
100100110001011110
101001000000000000
101010110110011100
001110011110000010
111110000010111010
001110011010101100
010111000011111110
011101001010101110
111101101010001000
000011001011010010
100100101000000110
000010110010110000
100000000110010110
011101111010111101
010000001111110000
101100001000011110
001010001011010000
101000001111000100
000000010110010000
001110101101100010
001010000111101100
101100111011000100
100011010011011100
010000110011001011
001000001110100100
101100100000001000
110101101101101110
101011010010111000
000110001001001010
101111101010100100
101001100011100100
001010101110100100
101100101011001110
100001101110001110
110000111101011110
011101000110000010
010000000111101111
101010010110110000
001010111110110110
011100011011101000
110100100110001100
100000110111100110
010001110011101110
001001000110110110
100010011101000101
101011010010111000
000110001001001010
101111101010100100
101001100011100100
010001110100110110
110000110100100110
001101011010111110
100100100111011100
101001100011100100
000100000100101110
010001110011101110
001001000110110110
101101100110111000
111011100110100010
100000001100111110
110011010010001010
010001101010111000
101000110100100100
101000100010111110
110000110100100110
001101011010111110
001101100111001010
110000110100100110
001101011010111110
111011011010011011
000100010101011011
010111100111000110
001010101000110100
100011001101111110
001000100110111100
001010011110011100
011100011101101100
110000110000001000
000001100110110110
110001100110111110
001001100110010110
110000111001001110
010001100001111010
011100000110000010
000000110111011110
000100111110011110
010100111011010110
011100001111010000
110101100100010110
110001100110111110
001001100110010110
110000101010110110
100101010000001010
110100111101010010
100010010111011100
101010011010011100
011100011001101110
100011100000101000
101001100110100100
010001100110110110
011001110110100110
000001111011011110
011101110011001010
100101010000001010
001011111100111000
011111101111101000
100101110000010000
111010100110110100
110001100111111110
101001100110000110
110000111010010110
000101010010000010
010100100111110110
000010001000110010
111101101111010110
001011110011101000
001001001000011100
000001100110110110
110001100110111110
001001100110010110
110000111001001110
010001100001111010
011100000110000010
000000110111011110
000100111110011110
010001101010111100
111101101111010110
110001100111111110
101001100110000110
100110011101110110
110000110001101110
100011100000101000
101001100110100100
010001100110110110
011001110110100110
011001001111100100
111101101111010110
000010000011110000
101010001011011000
110011100001001100
110101111101010010
100110011101110000
101001111101001000
101001100110100100
010001100110110110
011001110110100110
000001111011011110
000111100100011110
001111111011010110
000000010101100000
011100111011100010
001110111111011100
100101010000001010
001011111100111000
011111101111101000
100101110000010000
111010100110110100
110001100111111110
101001100110000110
110000111010010110
111100111000001110
101001011001011100
101100100100001100
100001110101111110
100001100111111110
001010011110011100
011100011101101100
110000110000001000
000001100110110110
110001100110111110
001001100110010110
110000111001001110
110001101010111100
101001011001011100
000001100110110110
110001100110111110
001001100110010110
010001100110000110
111100100011101110
010001111101000111
001011111100111000
011111101111101000
100101110000010000
111010100110110100
110001100111111110
101001100110000110
011101111100000110
100101100001000100
010001101010111100
111101101111010110
110001100111111110
101001100110000110
011100101111001010
111100100011101110
100001100111111110
001010011110011100
011100011101101100
110000110000001000
000001100110110110
110001100110111110
001001100110010110
110000111001001110
001111110110110110
001101110100110100
011001000001001100
000001100110110110
110001100110111110
001001100110010110
110000111001001110
000000100110011110
111101101111010110
000000011001011100
111010100110110100
110001100111111110
101001100110000110
110000111010010110
000101010010000010
010100100111110110
101001000111011100
110101000000110110
010101010010111100
110001001101111110
011001001001011010
011101001010101110
111101101010001000
001101111110010100
100001100111010110
101001110110011110
011000110000100110
011000100011001100
011100111101000100
110000110101001010
011100010010010010
001011100000100000
001000001010001100
010001111101000111
001011111100111000
011111101111101000
100101110000010000
111010100110110100
110001100111111110
101001100110000110
011101111100000110
010110001000011100
101101100100100110
101001010100010100
100001100010010110
110001100110111110
001001011001011110
001001100100000110
100000000101010110
100000010011100000
100101110000010000
111010100110110100
110001100111111110
101001100110000110
011101111100000110
100000111100000010
010100100100100000
001001010001011100
101011100110110110
110001100110111110
101001100110010110
110000111001000110
000101100110001110
010000111000011110
001011111010001100
100000111010001110
011011111100101000
001010100111111100
110001100111111110
101001100110000110
110000111010010110
111100111000001110
001000111111010110
111000101111011000
001001010001011100
101011100110110110
110001100110111110
101001100110010110
110000111001000110
110100011010111010
111100100011101110
010001111101000111
001011111100111000
011111101111101000
100101110000010000
111010100110110100
101010100110101000
110000111101011110
100101110000010000
111010100110110100
110001100111111110
101001100110000110
110000111010010110
000101010010000010
010100100111110110
101010100011010100
100000110001101110
100101110000010000
111010100110110100
110001100111111110
101001100110000110
110000111010010110
000101010010000010
100000101110011110
111001000000111110
101011011100010100
100000110001101110
100101110000010000
111010100110110100
110001100111111110
101010100111000000
100000110001101110
011101001010101110
111101101010001000
001101111110010100
100001100111010110
101001110110011110
011000110000100110
011000100011001100
011100111101000100
101111000100010100
101001011001011100
011111101111101000
100101110000010000
111010100110110100
110001100111111110
111001101110101010
100000110001101110
101000110110111100
010100010110011110
010110000100111101
010010101110100001
101011011110001100
110100111000000000
001110011001110110
000101110001011110
001101110100110100
011001000001001100
000001100110110110
110001100110111110
001001100110010110
110000111001001110
000000100110011110
111101101111010110
101001100001100010
000000010101011100
101011100110110110
110001100110111110
101001100110010110
110000111001000110
101111011010010100
000010110111111100
101011100110110110
110001100110111110
101001100110010110
110000111001000110
000101100110001110
011000100100111110
011100010101110100
100001110101010110
110100010001011110
001001010001011100
101011100110110110
110001100110111110
101001100110010110
110000111001000110
000101100110001110
110001110101010110
110000111101011110
011110111111001000
000000011010001110
000010110111111100
101011100110110110
110001100110111110
101001100110010110
110000111001000110
000101100110001110
100001111010001110
110000111101011110
111001100111110100
001000011100010100
101000010000111110
000000011010001110
000010110111111100
101011100110110110
110001100110111110
101001100110010110
110000111001000110
000101100110001110
001000011111001110
110000111101011110
011001011000011000
001011101011011000
010100100111110100
100001100101111110
110100101000000110
100001100110000110
001000101010011110
101101001101101100
011011100110110100
100001100111111110
111001100010000110
110000100110010110
100000100000111110
000000111111001110
010100101010111000
011011100110110100
100001100111111110
111001100010000110
101100100001111111
001001110011001101
001010001101011001
010100101011100011
011110100010000101
110110111000010101
110101010000001101
101011000010101101
101000101001101100
001101110100110100
011001000001001100
000001100110110110
110001100110111110
001001100110010110
110000111001001110
000000100110011110
110100101001010010
110000111101011110
111101111110001110
110101001111001110
011000001100101110
011001010111001010
111100100011101110
010001111101000111
001011111100111000
011111101111101000
100101110000010000
111010100110110100
110001100111111110
101001100110000110
110000111010010110
101001100100011110
010100111011110100
110000111101011110
110001100111111110
101001100110000110
110000111010010110
111100111000001110
101001011001011100
101100100100001100
100100000011010110
110110100110101000
101011000010101101
101000101001101100
001101110100110100
011001000001001100
000001100110110110
110001100110111110
001001100110010110
110000111001001110
101001101101011110
111101101111010110
110001110001100110
111001100011001110
110000111110000110
011100111100000110
101101001011100110
101111011010010100
000010110111111100
101011100110110110
110001100110111110
101001100110010110
110000111001000110
000101100110001110
101100101111101110
110000111101011110
101111011010010100
000010110111111100
101011100110110110
110001100110111110
101001100110010110
110000111001000110
000101100110001110
011100111100110010
100001110010000100
011001000001001100
000001100110110110
110001100110111110
001001100110010110
110000111001001110
101001101101011110
111101101111010110
110001110001100110
001100111100100110
101001011001011100
001011101011011000
010100100111110100
100001100101111110
110100101000000110
100001100110000110
110000101110011110
101101100101100110
000001101101000110
100101101011010100
010100100111110100
100001100101111110
110100101000000110
100001100110000110
110000101110011110
101101100101100110
000001101101000110
100111100001111110
011001000001001100
000001100110110110
110001100110111110
001001100110010110
110000111001001110
101001101101011110
111101101111010110
110001110001100110
111000001001001010
011001111101110110
101001011001011100
001011101011011000
010100100111110100
100001100101111110
110100101000000110
110001000000111110
001101111101110111
101000100010001100
010101111000010100
011011110011001100
100000111110010110
010001101100101010
001001100110110110
110000110001011110
001000100110011110
110000111000010110
111100111000001110
001100111110000110
000100100110011100
110000111101011110
110100101000000110
100001100110000110
110000101110011110
101101100101100110
000001101101000110
END
