18
010100011011011001
001011001011011000
000001100011001101
101001000100000011
001001001111010000
100100110101101001
111100010010010101
010000001101000011
000111101101010011
101011111000000100
101101010100100000
100100101010010100
111010110111111010
010101100011111110
101101010111101100
111001110110110001
110110011010111010
001001101101101110
110001000010100110
001010000110011100
101001010001010110
101100001000110000
010111101011110100
110000100001000110
011100011000101100
011011011101110110
001100001111100010
101000111101011110
111101011100011110
010000001111101110
000100100101011100
111110101011110110
110010010101111100
001001010110110110
101000010001100110
100000111011001001
001010000110110101
001011010001110100
111011101010011100
001110001011011111
101101011001101000
001010110000111100
011000000001111111
011011000110101100
101000011110010110
000011010111111000
001010000000000100
101001011110111010
011111011110011101
101011110110110010
001100010010000110
101101110101101100
101011110100010110
000100111010101100
001010111001111100
110101100100010010
001111000011001101
010101000001000110
001001000010011000
001011110100100100
000111000001101100
001010111100001100
110111011111101001
011011000010111000
001111011111011000
001011001100011000
110011110010110111
101101100011001000
001010010010100100
000100110000000110
001000100110101010
100110011011001100
010001110110011110
000100001001011110
101101010110101110
001001001011011110
111100100111001110
110000001001011110
001000000111000110
000100111101011100
001110110101011100
001110110101011100
110001000010100110
001010000110011100
101001010001010110
101100001000110000
010111101011110100
101011001011110100
101010111011011100
101101010110101110
001001001011011110
111100100111001110
110000001001011110
111110101100100000
000010101010100100
110001111100111110
011100010001001010
110100001110001110
010001111110111110
101100000101011100
011111110000001110
101000011001010110
000001000110100110
011101001000010110
000100111001100111
001001010000101000
110001100101010000
010011101001110010
111101111000001010
100000001101000001
101001000000100000
001100001111010010
001011100010010110
110101100001001000
011011100101011001
101101111010000110
000100101001101010
100101100111010110
101000000001001100
111001111101101110
100010010111011110
000011000000000010
000001111101011110
111111001101100010
101001010101111100
101011011000000100
111101011101100110
100100101110110000
111000111111111110
010110000010100000
010110111111010000
000101110010000100
001001111111101110
111100100111001110
111101101001100010
011101010101101110
101001010011111001
101011011000000100
111101011101100110
100100101110110000
111000111111111110
110111100101001010
000010101010100100
001101101011110110
111000100111000110
111101101001101110
111101010100101110
100101011000010100
010101100001100010
110001111100011110
011101001101110110
111100110111010110
011100011011111010
011101001000010110
000100111001100111
101000011011001100
111011001010100010
100100111011111100
011100110110000000
100000110011100110
010111010010101110
100000011010101110
000111010001001100
111101111001010110
000101100111000110
111100001111110110
000001000001010110
101101010010111110
111001110100100100
011001111100101110
100000110011100110
010111010010101110
100000011010101110
000111010001001100
111101111001010110
000101100111000110
111100001111110110
000001000001010110
010101100111000110
100101100101110010
101100101001010100
101000000101010000
111011111110110100
011000010110010100
100100111101110110
001011110001110000
111001011101001010
001011000110110100
111011111111000110
100100100100001110
100100110111110010
000101000101100110
000000011110110110
111000110101101010
001000101111000100
111101000001101100
011011000000110100
001011010000001000
000010010001000110
111000100111000110
111101101001101110
111101010100101110
010110010101010110
100000011011001110
000111010001001100
111101111001010110
000101100111000110
111100001111110110
001010111111010110
100000011011001110
000111010001001100
111101111001010110
000101100111000110
111100001111110110
001001011100101010
110110000111101110
000111010001001100
111101111001010110
000101100111000110
111100001111110110
000000100010011110
001110100101111100
000010111100011100
111101111001010110
000101100111000110
111100001111110110
100101110111110100
111100101110000110
111000100111000110
111101101001101110
111101010100101110
100101011000010100
000100010011011010
101101010000000000
110100100111110110
000100111010010000
001011100001101100
111000110101101010
001000101111000100
111101000001101100
011011000000110100
001011010000001000
000010010001000110
111000100111000110
111101101001101110
110000111100110110
100101111100101111
001000101111000100
111101000001101100
011011000000110100
001011010000001000
000010010001000110
111000100111000110
111101101001101110
110000010000001110
101100000101011100
000111010001001100
111101111001010110
000101100111000110
111100001111110110
000001000001010110
111101111001000110
100000011011001110
000000100010101100
011001111101101010
111100101110000110
111000100111000110
111101101001101110
111101010100101110
100101011000010100
000100010011011010
000011001111010110
101011111010000110
010001111111000010
000010111100011100
111101111001010110
000101100111000110
111100001111110110
001101101010010110
011100011010101110
111000111110001110
100000111100110100
011001111101101010
111100101110000110
111000100111000110
111101101001101110
000101100111000010
011100011010101110
110001000010100110
001010000110011100
101001010001010110
101100001000110000
010111101011110100
010100010010010100
001011011101111100
111101111001010110
000101100111000110
111100001111110110
000001000001010110
010101100111000110
001100110100001111
001011110001110000
111001011101001010
001011000110110100
111011111111000110
100100100100001110
110100100101101110
110100000011101110
010101100111000110
001100110100001111
001011110001110000
111001011101001010
001011000110110100
111011111111000110
100100100100001110
110100100101101110
101000011000001100
110100000011101110
011001111101101010
111100101110000110
111000100111000110
111101101001101110
111101010100101110
100101011000010100
000100010011011010
000101001111011100
010110111111010000
001100110100001111
001011110001110000
111001011101001010
001011000110110100
111011111111000110
100100100100001110
110100100101101110
011101000001110111
001000101111000100
111101000001101100
011011000000110100
001011010000001000
000010010001000110
111000100111000110
111101101001101110
110000010000001110
001010001111111001
001011010100001111
011011011101110001
100101101100000011
010001101110001011
111010000011000011
000000000001101111
001110010101011111
001000100110011100
101100000101011100
000111010001001100
111101111001010110
000101100111000110
111100001111110110
000001000001010110
111101111001000110
111111011010000110
001010101010011100
001011111111100010
111101111001010110
000101100111000110
111100001111110110
000001000001010110
111101111001000110
011001000000011010
100101111100101111
001000100110011100
101100000101011100
000111010001001100
111101111001010110
000101100111000110
101011100100011100
000010101010100100
111101111001010110
000101100111000110
111100001111110110
000001000001010110
111101111001000110
110100111010011111
001000100110011100
101100000101011100
000111010001001100
111101111001010110
000101100111000110
111100001111110110
000001000001010110
100000000110110010
011101011101100110
010111010010101110
100000011010101110
000111010001001100
111101111001010110
000101100111000110
111100001111110110
000001000001010110
101101010010111110
001101111001010110
101100101111011110
011100100011010100
110100100111110110
111000100111000110
111101101001101110
110000010000001110
011111110101100100
011110101011100010
000111010001001100
111101111001010110
000101100111000110
111100001111110110
000001000001010110
010111100000011100
011110000101000010
001100000110111100
111101101110111100
111101111001010110
000101100111000110
111100001111110110
000001000001010110
110010001101000000
110100000011101110
000111010001001100
111101111001010110
000101100111000110
111100001111110110
000000100010011110
100100010110010110
100001111100101110
100111111111001110
011010101000111100
110001010101001100
111101111001010110
000101100111000110
111100001111110110
000001000001010110
010101100111000110
100000111100100110
010110111111010000
010110000010000010
000111010001001100
111101111001010110
000101100111000110
111100001111110110
000000100010011110
100100010110010110
011001010100100110
101001000110101100
111001111110111110
010110000010000010
000111010001001100
111101111001010110
000101100111000110
111100001111110110
000000100010011110
100100010110010110
011001010100100110
110000110101111010
001000110001101100
111101111001010110
000101100111000110
111100001111110110
000000100010011110
100100010110010110
001001100010110100
000100001111100110
000101100111000110
111100001111110110
000001000001010110
010101100111000110
100000111100100110
100100111001001010
111101010101101110
101100000101011100
000111010001001100
111101111001010110
000101100111000110
111100001111110110
000001000001010110
111101111001000110
110100111000011110
010001100110011100
000111010001001100
111101111001010110
000101100111000110
111100001111110110
000001000001010110
101101010010111110
001101111001010110
101100101111011110
110001101100000110
001100000011110100
000111010001001100
111101111001010110
000101100111000110
111100001111110110
000001000001010110
101101010010111110
001101111001010110
100000111101110110
100001111100101110
011001111101010110
001100000011110100
000111010001001100
111101111001010110
000101100111000110
111100001111110110
000001000001010110
101101010010111110
110100111000011000
011101010101101110
111101111001010110
000101100111000110
111100001111110110
000001000001010110
111101000000110100
110001001110011110
111101111001010110
010000101100111110
000001011110110110
101101001011101110
000101100011010110
011100000010001010
110001101101001110
000000010111001110
111000100111000110
111101101001101110
111101010100101110
100101011000010100
000100010011011010
110100011100110010
011001001101111100
001011001110110000
111111100011001001
111111001100011011
101011111110011001
011111011101111011
010110010000100111
011011111111000111
001001101111101001
000110110110110111
001000100110011100
101100000101011100
000111010001001100
111101111001010110
000101100111000110
111100001111110110
000001000001010110
111101111001000110
000101011101001110
101000111101011110
101100000101011100
000111010001001100
111101111001010110
000101100111000110
111100001111110110
000001000001010110
111101111001000110
110100110110110110
101100110100011100
000111010001001100
111101111001010110
000101100111000110
111100001111110110
000001000001010110
101101010010111110
001101111001010110
100000111101110110
000001001100111010
101000111101011110
010110000010000010
000111010001001100
111101111001010110
000101100111000110
111100001111110110
000000100010011110
100100010110010110
011100011111011000
110100000011101110
111100101110000110
111000100111000110
111101101001101110
111101010100101110
100101011000010100
000100010011011010
110001101110011000
101000111101011110
111101011100011110
000011000000010111
000111101010011011
111110110110110011
100111100100100001
000111101111111011
100001111000101111
000001110100100111
101001100000111100
010110000010000010
000111010001001100
111101111001010110
000101100111000110
111100001111110110
000000100010011110
100100010110010110
101010100111101100
000010110000011100
111101111001010110
000101100111000110
111100001111110110
000000100010011110
100100010110010110
011001010100100110
101010100111101100
000010101010100100
111101111001010110
000101100111000110
111100001111110110
000001000001010110
111101111001000110
110101101110010110
110000101100100100
000111010001001100
111101111001010110
000101100111000110
111100001111110110
000001000001010110
111101111001000110
001100111111100010
100101100101110010
000000010010100100
000001101000011010
011101010000001110
111100101111010110
110101100111111110
111100110100000110
100000011110010110
011101000011111110
000111001011110100
011110011011100111
111001111011010001
100010000100011101
000110101110111011
111101011000111001
101100111110000011
101001000011000001
001001010001011100
010000010101111111
011101111111100011
000100000111011101
100100101101011001
111111001110101111
001011111010110001
101110000000001001
110010111100110101
010011000101001101
011001111110010111
100110000100001011
111100111110001001
011000000010100011
100001000010100001
010100001010010111
101011001111010000
010110000010000010
000111010001001100
111101111001010110
000101100111000110
111100001111110110
000100010001100110
100000011011001110
100010100101110111
011010010001101001
011101010110111001
000111010001101101
010110111000000001
010111100110110111
101111010111000011
001001100110000101
100101001100110111
010100100100000101
001110001110111001
001011001001001111
101100000100011001
101111101000101011
111001010100100011
101001010111011000
000001001000110110
101101111001001110
010101110110110110
001000110000011100
010111111001000100
111101110011000110
101101100111100110
010100001011010110
100100010110010110
101101010010001010
101101111101110110
100001111101000110
110000100110110010
101000111111011110
100101000011111100
110100000011101110
END
